
===== Triangle Systems on 9 Vertices =====
Total systems: 60

System 1:
  Triangles: [(1, 2, 3), (1, 4, 5), (1, 6, 7), (1, 8, 9), (2, 4, 6), (2, 5, 7), (3, 4, 7), (3, 5, 6)]
  Dimension: 4
  Realizer:
    [[4], [6], [4, 6], [2], [2, 4], [2, 6], [2, 4, 6], [3], [2, 3], [1], [1, 4], [1, 6], [1, 2], [3, 4], [1, 3], [1, 2, 3], [3, 6], [5], [1, 5], [4, 5], [1, 4, 5], [3, 5], [5, 6], [3, 5, 6], [7], [5, 7], [4, 7], [1, 7], [6, 7], [1, 6, 7], [9], [1, 9], [2, 5], [2, 7], [2, 5, 7], [3, 7], [3, 4, 7], [8], [1, 8], [8, 9], [1, 8, 9]]
    [[8], [9], [8, 9], [7], [6], [6, 7], [1], [1, 8], [1, 9], [1, 8, 9], [1, 7], [1, 6], [1, 6, 7], [5], [1, 5], [5, 6], [3], [3, 7], [3, 5], [1, 3], [5, 7], [3, 6], [3, 5, 6], [2], [2, 5], [2, 3], [1, 2], [1, 2, 3], [2, 7], [2, 5, 7], [2, 6], [4], [4, 5], [4, 7], [3, 4], [3, 4, 7], [1, 4], [1, 4, 5], [2, 4], [4, 6], [2, 4, 6]]
    [[8], [4], [7], [4, 7], [3], [3, 7], [3, 4], [3, 4, 7], [2], [2, 7], [5], [4, 5], [2, 5], [5, 7], [2, 5, 7], [3, 5], [6], [3, 6], [5, 6], [3, 5, 6], [1], [1, 8], [9], [8, 9], [1, 9], [1, 8, 9], [1, 5], [1, 4], [1, 4, 5], [2, 4], [1, 2], [1, 7], [1, 3], [2, 3], [1, 2, 3], [6, 7], [1, 6], [1, 6, 7], [2, 6], [4, 6], [2, 4, 6]]
    [[1], [8], [1, 8], [9], [8, 9], [1, 9], [1, 8, 9], [5], [1, 5], [4], [4, 5], [1, 4], [1, 4, 5], [2], [2, 5], [2, 4], [1, 2], [7], [2, 7], [5, 7], [2, 5, 7], [4, 7], [1, 7], [3], [3, 7], [3, 5], [3, 4], [3, 4, 7], [1, 3], [2, 3], [1, 2, 3], [6], [3, 6], [6, 7], [5, 6], [3, 5, 6], [1, 6], [1, 6, 7], [2, 6], [4, 6], [2, 4, 6]]
Verification passed!

--------------------------------------------------

System 2:
  Triangles: [(1, 2, 3), (1, 4, 5), (1, 6, 7), (1, 8, 9), (2, 4, 6), (2, 5, 7), (3, 4, 7), (3, 5, 8), (3, 6, 9)]
  Dimension: 4
  Realizer:
    [[6], [9], [1], [1, 6], [6, 9], [3], [3, 6], [3, 9], [3, 6, 9], [1, 9], [8], [3, 8], [5], [5, 8], [3, 5], [3, 5, 8], [2], [2, 6], [2, 3], [1, 2], [1, 3], [1, 2, 3], [2, 5], [4], [2, 4], [4, 6], [2, 4, 6], [3, 4], [7], [4, 7], [3, 7], [3, 4, 7], [1, 4], [2, 7], [1, 7], [6, 7], [1, 6, 7], [1, 5], [5, 7], [2, 5, 7], [4, 5], [1, 4, 5], [1, 8], [8, 9], [1, 8, 9]]
    [[6], [7], [6, 7], [1], [1, 7], [1, 6], [1, 6, 7], [3], [3, 6], [3, 7], [1, 3], [4], [4, 7], [4, 6], [3, 4], [3, 4, 7], [2], [2, 3], [1, 2], [2, 7], [2, 6], [1, 2, 3], [1, 4], [2, 4], [2, 4, 6], [5], [3, 5], [1, 5], [4, 5], [1, 4, 5], [2, 5], [5, 7], [2, 5, 7], [8], [3, 8], [5, 8], [3, 5, 8], [9], [6, 9], [3, 9], [3, 6, 9], [1, 9], [8, 9], [1, 8], [1, 8, 9]]
    [[8], [5], [5, 8], [7], [5, 7], [6], [2], [2, 5], [2, 7], [2, 5, 7], [4], [4, 5], [2, 4], [2, 6], [4, 6], [2, 4, 6], [3], [3, 7], [9], [8, 9], [3, 5], [3, 8], [3, 5, 8], [3, 9], [3, 6], [6, 9], [3, 6, 9], [4, 7], [3, 4], [3, 4, 7], [2, 3], [1], [1, 8], [1, 9], [1, 8, 9], [1, 5], [1, 4], [1, 4, 5], [1, 2], [1, 7], [1, 3], [1, 2, 3], [6, 7], [1, 6], [1, 6, 7]]
    [[1], [8], [1, 8], [9], [8, 9], [1, 9], [1, 8, 9], [5], [5, 8], [1, 5], [4], [4, 5], [1, 4], [1, 4, 5], [2], [2, 5], [2, 4], [1, 2], [7], [2, 7], [5, 7], [2, 5, 7], [4, 7], [1, 7], [3], [3, 7], [3, 5], [3, 8], [3, 5, 8], [3, 4], [3, 4, 7], [1, 3], [3, 9], [2, 3], [1, 2, 3], [6], [3, 6], [6, 7], [6, 9], [3, 6, 9], [1, 6], [1, 6, 7], [2, 6], [4, 6], [2, 4, 6]]
Verification passed!

--------------------------------------------------

System 3:
  Triangles: [(1, 2, 3), (1, 4, 5), (1, 6, 7), (1, 8, 9), (2, 4, 6), (2, 5, 7), (3, 4, 8), (3, 5, 9), (4, 7, 9), (5, 6, 8)]
  Dimension: 4
  Realizer:
    [[6], [4], [4, 6], [2], [2, 6], [2, 4], [2, 4, 6], [1], [1, 6], [1, 4], [5], [5, 6], [1, 5], [4, 5], [1, 4, 5], [8], [6, 8], [5, 8], [5, 6, 8], [3], [1, 3], [3, 5], [3, 8], [4, 8], [3, 4], [3, 4, 8], [9], [5, 9], [3, 9], [3, 5, 9], [2, 3], [1, 2], [1, 2, 3], [7], [6, 7], [5, 7], [1, 7], [1, 6, 7], [2, 7], [2, 5], [2, 5, 7], [1, 9], [7, 9], [4, 9], [4, 7], [4, 7, 9], [1, 8], [8, 9], [1, 8, 9]]
    [[6], [7], [6, 7], [1], [1, 6], [1, 7], [1, 6, 7], [3], [1, 3], [2], [2, 6], [2, 3], [1, 2], [1, 2, 3], [2, 7], [5], [2, 5], [5, 7], [2, 5, 7], [9], [7, 9], [5, 6], [3, 5], [1, 5], [5, 9], [3, 9], [3, 5, 9], [1, 9], [8], [6, 8], [5, 8], [5, 6, 8], [3, 8], [4], [4, 6], [2, 4], [2, 4, 6], [3, 4], [4, 7], [1, 4], [4, 9], [4, 7, 9], [4, 5], [1, 4, 5], [4, 8], [3, 4, 8], [8, 9], [1, 8], [1, 8, 9]]
    [[3], [4], [3, 4], [7], [4, 7], [9], [7, 9], [4, 9], [4, 7, 9], [8], [4, 8], [3, 8], [3, 4, 8], [8, 9], [3, 9], [6], [6, 8], [5], [5, 8], [5, 9], [3, 5], [3, 5, 9], [4, 5], [5, 6], [5, 7], [5, 6, 8], [2], [2, 5], [2, 7], [2, 5, 7], [2, 3], [1], [1, 8], [1, 9], [1, 8, 9], [1, 5], [1, 4], [1, 4, 5], [2, 4], [1, 2], [1, 7], [1, 3], [1, 2, 3], [6, 7], [1, 6], [1, 6, 7], [2, 6], [4, 6], [2, 4, 6]]
    [[1], [8], [1, 8], [9], [8, 9], [1, 9], [1, 8, 9], [5], [5, 8], [5, 9], [1, 5], [4], [4, 8], [4, 9], [4, 5], [1, 4], [1, 4, 5], [2], [2, 5], [2, 4], [1, 2], [7], [2, 7], [5, 7], [2, 5, 7], [4, 7], [1, 7], [7, 9], [4, 7, 9], [3], [3, 5], [3, 8], [3, 4], [3, 4, 8], [1, 3], [3, 9], [3, 5, 9], [2, 3], [1, 2, 3], [6], [6, 7], [5, 6], [6, 8], [5, 6, 8], [1, 6], [1, 6, 7], [2, 6], [4, 6], [2, 4, 6]]
Verification passed!

--------------------------------------------------

System 4:
  Triangles: [(1, 2, 3), (1, 4, 5), (1, 6, 7), (1, 8, 9), (2, 4, 6), (2, 5, 7), (3, 4, 8), (3, 6, 9), (4, 7, 9), (5, 6, 8)]
  Dimension: 4
  Realizer:
    [[6], [4], [4, 6], [2], [2, 4], [2, 6], [2, 4, 6], [1], [1, 4], [5], [5, 6], [1, 6], [1, 5], [4, 5], [1, 4, 5], [8], [5, 8], [6, 8], [5, 6, 8], [3], [1, 3], [2, 3], [1, 2], [1, 2, 3], [3, 8], [4, 8], [3, 4], [3, 4, 8], [7], [1, 7], [6, 7], [1, 6, 7], [3, 6], [2, 7], [4, 7], [2, 5], [5, 7], [2, 5, 7], [9], [6, 9], [3, 9], [3, 6, 9], [1, 9], [7, 9], [4, 9], [4, 7, 9], [1, 8], [8, 9], [1, 8, 9]]
    [[6], [9], [6, 9], [7], [6, 7], [1], [1, 7], [1, 6], [1, 6, 7], [3], [3, 9], [3, 6], [3, 6, 9], [1, 3], [2], [2, 6], [2, 3], [1, 2], [1, 2, 3], [2, 7], [5], [5, 6], [7, 9], [2, 5], [5, 7], [2, 5, 7], [1, 9], [8], [5, 8], [6, 8], [5, 6, 8], [3, 8], [4], [4, 8], [2, 4], [4, 6], [2, 4, 6], [3, 4], [3, 4, 8], [4, 7], [1, 4], [1, 5], [4, 5], [1, 4, 5], [4, 9], [4, 7, 9], [8, 9], [1, 8], [1, 8, 9]]
    [[9], [4], [4, 9], [3], [3, 4], [3, 9], [6], [3, 6], [6, 9], [3, 6, 9], [7], [4, 7], [7, 9], [4, 7, 9], [8], [8, 9], [4, 8], [3, 8], [3, 4, 8], [6, 8], [5], [5, 8], [4, 5], [5, 7], [5, 6], [5, 6, 8], [2], [2, 5], [2, 7], [2, 5, 7], [2, 3], [1], [1, 8], [1, 9], [1, 8, 9], [1, 5], [1, 4], [1, 4, 5], [2, 4], [1, 2], [1, 7], [1, 3], [1, 2, 3], [6, 7], [1, 6], [1, 6, 7], [2, 6], [4, 6], [2, 4, 6]]
    [[1], [8], [1, 8], [9], [8, 9], [1, 9], [1, 8, 9], [5], [5, 8], [1, 5], [4], [4, 8], [4, 9], [4, 5], [1, 4], [1, 4, 5], [2], [2, 5], [2, 4], [1, 2], [7], [2, 7], [5, 7], [2, 5, 7], [4, 7], [1, 7], [7, 9], [4, 7, 9], [3], [3, 8], [3, 4], [3, 4, 8], [1, 3], [3, 9], [2, 3], [1, 2, 3], [6], [3, 6], [6, 7], [5, 6], [6, 8], [5, 6, 8], [6, 9], [3, 6, 9], [1, 6], [1, 6, 7], [2, 6], [4, 6], [2, 4, 6]]
Verification passed!

--------------------------------------------------

System 5:
  Triangles: [(1, 2, 3), (1, 4, 5), (1, 6, 7), (1, 8, 9), (2, 4, 6), (2, 5, 7), (3, 4, 8), (3, 7, 9), (5, 6, 8)]
  Dimension: 4
  Realizer:
    [[6], [8], [6, 8], [5], [5, 6], [5, 8], [5, 6, 8], [7], [6, 7], [1], [1, 7], [1, 6], [1, 6, 7], [3], [1, 3], [3, 7], [1, 5], [9], [7, 9], [3, 9], [3, 7, 9], [5, 7], [2], [1, 2], [2, 7], [2, 3], [1, 2, 3], [3, 8], [2, 5], [2, 5, 7], [2, 6], [4], [3, 4], [4, 8], [3, 4, 8], [1, 4], [4, 5], [1, 4, 5], [1, 9], [1, 8], [8, 9], [1, 8, 9], [2, 4], [4, 6], [2, 4, 6]]
    [[6], [4], [4, 6], [2], [2, 4], [2, 6], [2, 4, 6], [3], [3, 4], [2, 3], [1], [1, 2], [1, 3], [1, 2, 3], [1, 6], [7], [2, 7], [1, 7], [6, 7], [1, 6, 7], [1, 4], [5], [5, 6], [1, 5], [4, 5], [1, 4, 5], [2, 5], [5, 7], [2, 5, 7], [9], [3, 9], [7, 9], [3, 7], [3, 7, 9], [1, 9], [8], [5, 8], [6, 8], [4, 8], [5, 6, 8], [3, 8], [3, 4, 8], [8, 9], [1, 8], [1, 8, 9]]
    [[8], [4], [3], [4, 8], [3, 8], [3, 4], [3, 4, 8], [9], [8, 9], [2], [3, 9], [7], [2, 7], [7, 9], [3, 7], [3, 7, 9], [5], [4, 5], [2, 5], [5, 7], [2, 5, 7], [1], [1, 8], [1, 9], [1, 8, 9], [5, 8], [1, 5], [1, 4], [1, 4, 5], [2, 4], [1, 2], [1, 7], [1, 3], [2, 3], [1, 2, 3], [6], [6, 7], [5, 6], [6, 8], [5, 6, 8], [1, 6], [1, 6, 7], [2, 6], [4, 6], [2, 4, 6]]
    [[1], [8], [1, 8], [9], [8, 9], [1, 9], [1, 8, 9], [5], [5, 8], [1, 5], [4], [4, 8], [4, 5], [1, 4], [1, 4, 5], [2], [2, 5], [2, 4], [1, 2], [7], [2, 7], [5, 7], [2, 5, 7], [1, 7], [7, 9], [3], [3, 7], [3, 8], [3, 4], [3, 4, 8], [1, 3], [3, 9], [3, 7, 9], [2, 3], [1, 2, 3], [6], [6, 7], [5, 6], [6, 8], [5, 6, 8], [1, 6], [1, 6, 7], [2, 6], [4, 6], [2, 4, 6]]
Verification passed!

--------------------------------------------------

System 6:
  Triangles: [(1, 2, 3), (1, 4, 5), (1, 6, 7), (1, 8, 9), (2, 4, 6), (2, 5, 7), (3, 4, 8), (4, 7, 9), (5, 6, 8)]
  Dimension: 4
  Realizer:
    [[6], [5], [5, 6], [7], [6, 7], [1], [1, 6], [1, 7], [1, 6, 7], [3], [1, 3], [2], [1, 2], [2, 3], [1, 2, 3], [2, 7], [2, 5], [5, 7], [2, 5, 7], [2, 6], [4], [3, 4], [1, 4], [4, 7], [1, 5], [4, 5], [1, 4, 5], [9], [1, 9], [7, 9], [4, 9], [4, 7, 9], [8], [5, 8], [3, 8], [6, 8], [5, 6, 8], [4, 8], [3, 4, 8], [1, 8], [8, 9], [1, 8, 9], [2, 4], [4, 6], [2, 4, 6]]
    [[6], [4], [4, 6], [2], [2, 4], [2, 6], [2, 4, 6], [3], [3, 4], [2, 3], [8], [3, 8], [4, 8], [3, 4, 8], [9], [4, 9], [8, 9], [1], [1, 9], [1, 2], [1, 6], [1, 3], [1, 2, 3], [7], [2, 7], [7, 9], [4, 7], [4, 7, 9], [1, 7], [6, 7], [1, 6, 7], [1, 4], [6, 8], [5], [5, 6], [1, 5], [4, 5], [1, 4, 5], [2, 5], [5, 8], [5, 6, 8], [5, 7], [2, 5, 7], [1, 8], [1, 8, 9]]
    [[8], [5], [5, 8], [6], [5, 6], [6, 8], [5, 6, 8], [9], [7], [7, 9], [5, 7], [3], [3, 8], [4], [4, 8], [4, 9], [4, 5], [4, 7], [4, 7, 9], [3, 4], [3, 4, 8], [2], [2, 5], [2, 7], [2, 5, 7], [1], [1, 8], [8, 9], [1, 9], [1, 8, 9], [1, 5], [1, 4], [1, 4, 5], [2, 4], [1, 2], [1, 7], [1, 3], [2, 3], [1, 2, 3], [6, 7], [1, 6], [1, 6, 7], [2, 6], [4, 6], [2, 4, 6]]
    [[1], [8], [1, 8], [9], [8, 9], [1, 9], [1, 8, 9], [5], [5, 8], [1, 5], [4], [4, 8], [4, 9], [4, 5], [1, 4], [1, 4, 5], [2], [2, 5], [2, 4], [1, 2], [7], [2, 7], [5, 7], [2, 5, 7], [4, 7], [1, 7], [7, 9], [4, 7, 9], [3], [3, 8], [3, 4], [3, 4, 8], [1, 3], [2, 3], [1, 2, 3], [6], [6, 7], [5, 6], [6, 8], [5, 6, 8], [1, 6], [1, 6, 7], [2, 6], [4, 6], [2, 4, 6]]
Verification passed!

--------------------------------------------------

System 7:
  Triangles: [(1, 2, 3), (1, 4, 5), (1, 6, 7), (1, 8, 9), (2, 4, 6), (2, 5, 7), (3, 4, 8), (5, 6, 8)]
  Dimension: 4
  Realizer:
    [[6], [8], [6, 8], [5], [5, 8], [5, 6], [5, 6, 8], [7], [6, 7], [9], [8, 9], [1], [1, 7], [1, 6], [1, 6, 7], [3], [3, 8], [1, 3], [5, 7], [2], [1, 2], [2, 7], [2, 3], [1, 2, 3], [2, 6], [2, 5], [2, 5, 7], [4], [4, 8], [3, 4], [3, 4, 8], [1, 4], [4, 6], [2, 4], [2, 4, 6], [1, 5], [4, 5], [1, 4, 5], [1, 9], [1, 8], [1, 8, 9]]
    [[6], [4], [4, 6], [2], [2, 4], [2, 6], [2, 4, 6], [3], [2, 3], [1], [1, 2], [1, 6], [1, 3], [1, 2, 3], [7], [2, 7], [1, 7], [6, 7], [1, 6, 7], [3, 4], [1, 4], [5], [5, 6], [1, 5], [2, 5], [5, 7], [2, 5, 7], [4, 5], [1, 4, 5], [9], [1, 9], [8], [8, 9], [3, 8], [6, 8], [4, 8], [3, 4, 8], [5, 8], [5, 6, 8], [1, 8], [1, 8, 9]]
    [[8], [4], [4, 8], [3], [3, 8], [3, 4], [3, 4, 8], [5], [5, 8], [2], [2, 5], [7], [2, 7], [5, 7], [2, 5, 7], [4, 5], [1], [1, 8], [9], [8, 9], [1, 9], [1, 8, 9], [1, 5], [1, 4], [1, 4, 5], [2, 4], [1, 2], [1, 7], [1, 3], [2, 3], [1, 2, 3], [6], [6, 7], [5, 6], [6, 8], [5, 6, 8], [1, 6], [1, 6, 7], [2, 6], [4, 6], [2, 4, 6]]
    [[1], [8], [1, 8], [9], [8, 9], [1, 9], [1, 8, 9], [5], [5, 8], [1, 5], [4], [4, 8], [4, 5], [1, 4], [1, 4, 5], [2], [2, 5], [2, 4], [1, 2], [7], [2, 7], [5, 7], [2, 5, 7], [1, 7], [3], [3, 8], [3, 4], [3, 4, 8], [1, 3], [2, 3], [1, 2, 3], [6], [6, 7], [5, 6], [6, 8], [5, 6, 8], [1, 6], [1, 6, 7], [2, 6], [4, 6], [2, 4, 6]]
Verification passed!

--------------------------------------------------

System 8:
  Triangles: [(1, 2, 3), (1, 4, 5), (1, 6, 7), (1, 8, 9), (2, 4, 6), (2, 5, 7), (3, 4, 8), (5, 6, 9)]
  Dimension: 4
  Realizer:
    [[6], [7], [6, 7], [1], [1, 6], [1, 7], [1, 6, 7], [3], [1, 3], [2], [2, 3], [2, 6], [1, 2], [1, 2, 3], [4], [4, 6], [3, 4], [2, 4], [2, 4, 6], [2, 7], [1, 4], [8], [4, 8], [3, 8], [3, 4, 8], [5], [5, 7], [5, 6], [2, 5], [2, 5, 7], [1, 5], [4, 5], [1, 4, 5], [9], [5, 9], [6, 9], [5, 6, 9], [1, 9], [1, 8], [8, 9], [1, 8, 9]]
    [[9], [6], [6, 9], [5], [5, 9], [5, 6], [5, 6, 9], [8], [8, 9], [3], [3, 8], [4], [4, 8], [4, 6], [3, 4], [3, 4, 8], [2], [2, 5], [2, 4], [2, 3], [2, 6], [2, 4, 6], [1], [1, 9], [1, 5], [1, 2], [1, 6], [1, 3], [1, 2, 3], [7], [5, 7], [2, 7], [2, 5, 7], [1, 7], [6, 7], [1, 6, 7], [1, 4], [4, 5], [1, 4, 5], [1, 8], [1, 8, 9]]
    [[9], [5], [7], [5, 7], [2], [2, 5], [2, 7], [2, 5, 7], [4], [4, 5], [1], [1, 9], [5, 9], [1, 5], [1, 4], [1, 4, 5], [8], [1, 8], [8, 9], [1, 8, 9], [4, 8], [2, 4], [1, 2], [1, 7], [6], [2, 6], [4, 6], [2, 4, 6], [3], [3, 8], [3, 4], [3, 4, 8], [1, 3], [2, 3], [1, 2, 3], [6, 7], [5, 6], [6, 9], [5, 6, 9], [1, 6], [1, 6, 7]]
    [[1], [8], [1, 8], [9], [8, 9], [1, 9], [1, 8, 9], [5], [5, 9], [1, 5], [4], [4, 8], [4, 5], [1, 4], [1, 4, 5], [2], [2, 5], [2, 4], [1, 2], [7], [2, 7], [5, 7], [2, 5, 7], [1, 7], [3], [3, 8], [3, 4], [3, 4, 8], [1, 3], [2, 3], [1, 2, 3], [6], [6, 7], [5, 6], [6, 9], [5, 6, 9], [1, 6], [1, 6, 7], [2, 6], [4, 6], [2, 4, 6]]
Verification passed!

--------------------------------------------------

System 9:
  Triangles: [(1, 2, 3), (1, 4, 5), (1, 6, 7), (1, 8, 9), (2, 4, 6), (2, 5, 7), (4, 7, 8), (5, 6, 8)]
  Dimension: 4
  Realizer:
    [[6], [8], [6, 8], [5], [5, 8], [5, 6], [5, 6, 8], [7], [6, 7], [9], [8, 9], [1], [1, 7], [1, 6], [1, 6, 7], [7, 8], [1, 5], [5, 7], [3], [1, 3], [2], [2, 5], [1, 2], [2, 7], [2, 5, 7], [2, 3], [1, 2, 3], [2, 6], [4], [4, 8], [4, 7], [4, 7, 8], [4, 5], [1, 4], [1, 4, 5], [1, 9], [1, 8], [1, 8, 9], [2, 4], [4, 6], [2, 4, 6]]
    [[4], [6], [4, 6], [2], [2, 4], [2, 6], [2, 4, 6], [3], [2, 3], [1], [1, 4], [1, 2], [1, 3], [1, 2, 3], [1, 6], [7], [2, 7], [1, 7], [6, 7], [1, 6, 7], [5], [5, 6], [4, 7], [1, 5], [4, 5], [1, 4, 5], [9], [1, 9], [2, 5], [5, 7], [2, 5, 7], [8], [8, 9], [5, 8], [6, 8], [5, 6, 8], [4, 8], [7, 8], [4, 7, 8], [1, 8], [1, 8, 9]]
    [[8], [4], [4, 8], [7], [4, 7], [7, 8], [4, 7, 8], [5], [4, 5], [2], [2, 5], [2, 7], [5, 7], [2, 5, 7], [1], [1, 8], [9], [8, 9], [1, 9], [1, 8, 9], [5, 8], [1, 5], [1, 4], [1, 4, 5], [2, 4], [1, 2], [1, 7], [3], [1, 3], [2, 3], [1, 2, 3], [6], [6, 7], [5, 6], [6, 8], [5, 6, 8], [1, 6], [1, 6, 7], [2, 6], [4, 6], [2, 4, 6]]
    [[1], [8], [1, 8], [9], [8, 9], [1, 9], [1, 8, 9], [5], [5, 8], [1, 5], [4], [4, 8], [4, 5], [1, 4], [1, 4, 5], [2], [2, 5], [2, 4], [1, 2], [7], [2, 7], [5, 7], [2, 5, 7], [4, 7], [1, 7], [7, 8], [4, 7, 8], [3], [1, 3], [2, 3], [1, 2, 3], [6], [6, 7], [5, 6], [6, 8], [5, 6, 8], [1, 6], [1, 6, 7], [2, 6], [4, 6], [2, 4, 6]]
Verification passed!

--------------------------------------------------

System 10:
  Triangles: [(1, 2, 3), (1, 4, 5), (1, 6, 7), (1, 8, 9), (2, 4, 6), (2, 5, 7), (4, 7, 8), (5, 6, 9)]
  Dimension: 4
  Realizer:
    [[6], [4], [4, 6], [2], [2, 4], [2, 6], [2, 4, 6], [3], [2, 3], [1], [1, 2], [1, 6], [1, 3], [1, 2, 3], [7], [2, 7], [4, 7], [1, 7], [6, 7], [1, 6, 7], [1, 4], [5], [5, 6], [1, 5], [4, 5], [1, 4, 5], [8], [7, 8], [4, 8], [4, 7, 8], [2, 5], [5, 7], [2, 5, 7], [9], [6, 9], [5, 9], [5, 6, 9], [1, 9], [1, 8], [8, 9], [1, 8, 9]]
    [[6], [9], [6, 9], [5], [5, 9], [5, 6], [5, 6, 9], [7], [6, 7], [1], [1, 6], [1, 7], [1, 6, 7], [3], [1, 3], [5, 7], [2], [1, 2], [2, 3], [1, 2, 3], [2, 7], [2, 6], [2, 5], [2, 5, 7], [1, 9], [8], [7, 8], [4], [4, 7], [1, 4], [2, 4], [4, 6], [2, 4, 6], [1, 5], [4, 5], [1, 4, 5], [4, 8], [4, 7, 8], [8, 9], [1, 8], [1, 8, 9]]
    [[8], [9], [8, 9], [4], [4, 8], [7], [4, 7], [7, 8], [4, 7, 8], [5], [4, 5], [2], [2, 5], [2, 7], [5, 7], [2, 5, 7], [1], [1, 8], [1, 9], [1, 8, 9], [5, 9], [1, 5], [1, 4], [1, 4, 5], [2, 4], [1, 2], [1, 7], [3], [1, 3], [2, 3], [1, 2, 3], [6], [6, 7], [5, 6], [6, 9], [5, 6, 9], [1, 6], [1, 6, 7], [2, 6], [4, 6], [2, 4, 6]]
    [[1], [8], [1, 8], [9], [8, 9], [1, 9], [1, 8, 9], [5], [5, 9], [1, 5], [4], [4, 8], [4, 5], [1, 4], [1, 4, 5], [2], [2, 5], [2, 4], [1, 2], [7], [2, 7], [5, 7], [2, 5, 7], [4, 7], [1, 7], [7, 8], [4, 7, 8], [3], [1, 3], [2, 3], [1, 2, 3], [6], [6, 7], [5, 6], [6, 9], [5, 6, 9], [1, 6], [1, 6, 7], [2, 6], [4, 6], [2, 4, 6]]
Verification passed!

--------------------------------------------------

System 11:
  Triangles: [(1, 2, 3), (1, 4, 5), (1, 6, 7), (1, 8, 9), (2, 4, 6), (2, 5, 8), (2, 7, 9), (3, 4, 9), (3, 5, 7), (3, 6, 8), (4, 7, 8), (5, 6, 9)]
  Dimension: 5
  Realizer:
    [[6], [2], [4], [4, 6], [2, 4], [2, 6], [2, 4, 6], [3], [2, 3], [1], [1, 6], [1, 3], [3, 6], [1, 2], [1, 2, 3], [8], [2, 8], [1, 4], [4, 8], [3, 8], [6, 8], [3, 6, 8], [7], [7, 8], [4, 7], [4, 7, 8], [5], [5, 6], [1, 5], [5, 8], [2, 5], [2, 5, 8], [4, 5], [1, 4, 5], [3, 4], [2, 7], [9], [5, 9], [6, 9], [5, 6, 9], [1, 7], [6, 7], [1, 6, 7], [3, 7], [3, 5], [5, 7], [3, 5, 7], [3, 9], [1, 9], [4, 9], [3, 4, 9], [1, 8], [8, 9], [1, 8, 9], [2, 9], [7, 9], [2, 7, 9]]
    [[6], [7], [6, 7], [1], [1, 7], [1, 6], [1, 6, 7], [8], [6, 8], [3], [3, 6], [1, 3], [3, 8], [3, 6, 8], [2], [1, 2], [2, 6], [7, 8], [3, 7], [5], [3, 5], [5, 7], [3, 5, 7], [9], [6, 9], [7, 9], [2, 7], [2, 9], [5, 6], [5, 9], [2, 3], [1, 2, 3], [5, 8], [2, 5], [2, 8], [2, 5, 8], [4], [2, 7, 9], [3, 4], [4, 7], [1, 4], [2, 4], [4, 6], [2, 4, 6], [4, 8], [4, 7, 8], [4, 9], [3, 9], [3, 4, 9], [1, 5], [4, 5], [1, 4, 5], [5, 6, 9], [1, 9], [8, 9], [1, 8], [1, 8, 9]]
    [[9], [6], [6, 9], [5], [5, 9], [5, 6], [5, 6, 9], [3], [3, 5], [3, 9], [4], [4, 9], [4, 6], [3, 4], [3, 4, 9], [7], [5, 7], [3, 7], [3, 5, 7], [7, 9], [4, 5], [4, 7], [3, 6], [1], [1, 9], [1, 5], [1, 4], [1, 4, 5], [8], [5, 8], [8, 9], [4, 8], [7, 8], [4, 7, 8], [2], [2, 5], [2, 8], [2, 5, 8], [2, 7], [2, 9], [2, 7, 9], [2, 4], [3, 8], [6, 8], [2, 6], [2, 4, 6], [3, 6, 8], [1, 8], [1, 8, 9], [1, 2], [1, 7], [1, 3], [2, 3], [1, 2, 3], [6, 7], [1, 6], [1, 6, 7]]
    [[9], [2], [2, 9], [7], [2, 7], [7, 9], [3], [2, 7, 9], [4], [4, 9], [3, 4], [3, 9], [3, 4, 9], [5], [2, 5], [8], [8, 9], [5, 8], [4, 8], [2, 8], [2, 5, 8], [4, 7], [7, 8], [4, 7, 8], [3, 8], [6], [3, 6], [6, 8], [3, 6, 8], [1], [1, 8], [1, 9], [1, 8, 9], [5, 9], [1, 5], [4, 5], [1, 4], [1, 4, 5], [2, 4], [1, 2], [5, 7], [1, 7], [3, 7], [3, 5], [3, 5, 7], [1, 3], [2, 3], [1, 2, 3], [6, 7], [5, 6], [6, 9], [5, 6, 9], [1, 6], [1, 6, 7], [2, 6], [4, 6], [2, 4, 6]]
    [[1], [8], [1, 8], [9], [8, 9], [1, 9], [1, 8, 9], [5], [5, 8], [5, 9], [1, 5], [4], [4, 8], [4, 9], [4, 5], [1, 4], [1, 4, 5], [2], [2, 5], [2, 4], [2, 9], [1, 2], [2, 8], [2, 5, 8], [7], [2, 7], [5, 7], [4, 7], [1, 7], [7, 8], [4, 7, 8], [7, 9], [2, 7, 9], [3], [3, 7], [3, 5], [3, 5, 7], [3, 8], [3, 4], [1, 3], [3, 9], [3, 4, 9], [2, 3], [1, 2, 3], [6], [3, 6], [6, 7], [5, 6], [6, 8], [3, 6, 8], [6, 9], [5, 6, 9], [1, 6], [1, 6, 7], [2, 6], [4, 6], [2, 4, 6]]
Verification passed!

--------------------------------------------------

System 12:
  Triangles: [(1, 2, 3), (1, 4, 5), (1, 6, 7), (1, 8, 9), (2, 4, 6), (2, 5, 8), (2, 7, 9), (4, 7, 8), (5, 6, 9)]
  Dimension: 4
  Realizer:
    [[6], [9], [6, 9], [5], [5, 9], [5, 6], [5, 6, 9], [7], [6, 7], [7, 9], [1], [1, 7], [1, 6], [1, 6, 7], [1, 5], [4], [4, 5], [1, 4], [1, 4, 5], [3], [1, 3], [4, 7], [1, 9], [8], [4, 8], [7, 8], [4, 7, 8], [4, 6], [2], [2, 4], [2, 7], [2, 9], [2, 7, 9], [1, 2], [2, 3], [1, 2, 3], [1, 8], [8, 9], [1, 8, 9], [5, 8], [2, 5], [2, 8], [2, 5, 8], [2, 6], [2, 4, 6]]
    [[2], [3], [2, 3], [6], [1], [1, 2], [1, 3], [1, 2, 3], [2, 6], [4], [2, 4], [4, 6], [2, 4, 6], [8], [4, 8], [1, 8], [1, 4], [1, 6], [7], [4, 7], [7, 8], [4, 7, 8], [1, 7], [6, 7], [1, 6, 7], [2, 8], [5], [5, 8], [2, 5], [2, 5, 8], [5, 6], [2, 7], [1, 5], [4, 5], [1, 4, 5], [9], [5, 9], [6, 9], [2, 9], [5, 6, 9], [7, 9], [2, 7, 9], [1, 9], [8, 9], [1, 8, 9]]
    [[9], [2], [2, 9], [7], [2, 7], [7, 9], [2, 7, 9], [5], [2, 5], [8], [8, 9], [5, 8], [2, 8], [2, 5, 8], [7, 8], [4], [4, 8], [4, 5], [2, 4], [4, 7], [4, 7, 8], [6], [2, 6], [4, 6], [2, 4, 6], [1], [1, 8], [1, 9], [1, 8, 9], [5, 9], [1, 5], [1, 4], [1, 4, 5], [1, 2], [1, 7], [3], [1, 3], [2, 3], [1, 2, 3], [6, 7], [5, 6], [6, 9], [5, 6, 9], [1, 6], [1, 6, 7]]
    [[1], [8], [1, 8], [9], [8, 9], [1, 9], [1, 8, 9], [5], [5, 8], [5, 9], [1, 5], [4], [4, 8], [4, 5], [1, 4], [1, 4, 5], [2], [2, 5], [2, 4], [2, 9], [1, 2], [2, 8], [2, 5, 8], [7], [2, 7], [4, 7], [1, 7], [7, 8], [4, 7, 8], [7, 9], [2, 7, 9], [3], [1, 3], [2, 3], [1, 2, 3], [6], [6, 7], [5, 6], [6, 9], [5, 6, 9], [1, 6], [1, 6, 7], [2, 6], [4, 6], [2, 4, 6]]
Verification passed!

--------------------------------------------------

System 13:
  Triangles: [(1, 2, 3), (1, 4, 5), (1, 6, 7), (1, 8, 9), (2, 4, 6), (2, 5, 8), (3, 4, 9), (3, 6, 8), (5, 7, 9)]
  Dimension: 4
  Realizer:
    [[7], [6], [6, 7], [1], [1, 6], [1, 7], [1, 6, 7], [8], [6, 8], [3], [3, 8], [3, 6], [3, 6, 8], [1, 3], [2], [2, 8], [5], [5, 7], [2, 6], [2, 3], [1, 5], [1, 2], [1, 2, 3], [5, 8], [2, 5], [2, 5, 8], [4], [4, 6], [2, 4], [2, 4, 6], [3, 4], [1, 4], [4, 5], [1, 4, 5], [9], [5, 9], [4, 9], [3, 9], [3, 4, 9], [7, 9], [5, 7, 9], [1, 9], [8, 9], [1, 8], [1, 8, 9]]
    [[6], [4], [4, 6], [2], [2, 6], [2, 4], [2, 4, 6], [1], [9], [1, 6], [3], [3, 6], [1, 3], [2, 3], [1, 2], [1, 2, 3], [4, 9], [3, 4], [3, 9], [3, 4, 9], [1, 4], [5], [2, 5], [1, 5], [4, 5], [1, 4, 5], [1, 9], [8], [6, 8], [3, 8], [3, 6, 8], [7], [1, 7], [6, 7], [1, 6, 7], [8, 9], [5, 8], [5, 9], [2, 8], [2, 5, 8], [5, 7], [7, 9], [5, 7, 9], [1, 8], [1, 8, 9]]
    [[9], [7], [7, 9], [5], [5, 9], [5, 7], [5, 7, 9], [8], [8, 9], [5, 8], [3], [3, 8], [3, 9], [4], [4, 9], [4, 5], [3, 4], [3, 4, 9], [2], [2, 5], [2, 8], [2, 5, 8], [2, 3], [6], [3, 6], [6, 8], [3, 6, 8], [1], [1, 8], [1, 9], [1, 8, 9], [1, 5], [1, 4], [1, 4, 5], [2, 4], [1, 2], [1, 7], [1, 3], [1, 2, 3], [6, 7], [1, 6], [1, 6, 7], [2, 6], [4, 6], [2, 4, 6]]
    [[1], [8], [1, 8], [9], [8, 9], [1, 9], [1, 8, 9], [5], [5, 8], [5, 9], [1, 5], [4], [4, 9], [4, 5], [1, 4], [1, 4, 5], [2], [2, 5], [2, 4], [1, 2], [2, 8], [2, 5, 8], [7], [5, 7], [1, 7], [7, 9], [5, 7, 9], [3], [3, 8], [3, 4], [1, 3], [3, 9], [3, 4, 9], [2, 3], [1, 2, 3], [6], [3, 6], [6, 7], [6, 8], [3, 6, 8], [1, 6], [1, 6, 7], [2, 6], [4, 6], [2, 4, 6]]
Verification passed!

--------------------------------------------------

System 14:
  Triangles: [(1, 2, 3), (1, 4, 5), (1, 6, 7), (1, 8, 9), (2, 4, 6), (2, 5, 8), (3, 6, 9), (5, 7, 9)]
  Dimension: 4
  Realizer:
    [[6], [4], [4, 6], [2], [2, 4], [2, 6], [2, 4, 6], [3], [2, 3], [1], [1, 6], [1, 3], [1, 2], [1, 2, 3], [7], [1, 7], [6, 7], [1, 6, 7], [3, 6], [1, 4], [8], [2, 8], [5], [5, 7], [1, 5], [4, 5], [1, 4, 5], [5, 8], [2, 5], [2, 5, 8], [9], [6, 9], [3, 9], [3, 6, 9], [5, 9], [7, 9], [5, 7, 9], [1, 9], [1, 8], [8, 9], [1, 8, 9]]
    [[6], [9], [6, 9], [7], [6, 7], [1], [1, 7], [1, 6], [1, 6, 7], [3], [3, 9], [3, 6], [3, 6, 9], [7, 9], [5], [1, 5], [1, 3], [5, 9], [5, 7], [5, 7, 9], [2], [2, 5], [2, 6], [1, 2], [2, 3], [1, 2, 3], [4], [4, 5], [4, 6], [2, 4], [2, 4, 6], [1, 4], [1, 4, 5], [1, 9], [8], [5, 8], [2, 8], [2, 5, 8], [8, 9], [1, 8], [1, 8, 9]]
    [[8], [9], [8, 9], [5], [5, 8], [5, 9], [2], [2, 5], [2, 8], [2, 5, 8], [4], [4, 5], [3], [3, 9], [6], [3, 6], [6, 9], [3, 6, 9], [7], [5, 7], [7, 9], [5, 7, 9], [1], [1, 8], [1, 9], [1, 8, 9], [1, 5], [1, 4], [1, 4, 5], [2, 4], [1, 2], [1, 7], [1, 3], [2, 3], [1, 2, 3], [6, 7], [1, 6], [1, 6, 7], [2, 6], [4, 6], [2, 4, 6]]
    [[1], [8], [1, 8], [9], [8, 9], [1, 9], [1, 8, 9], [5], [5, 8], [5, 9], [1, 5], [4], [4, 5], [1, 4], [1, 4, 5], [2], [2, 5], [2, 4], [1, 2], [2, 8], [2, 5, 8], [7], [5, 7], [1, 7], [7, 9], [5, 7, 9], [3], [1, 3], [3, 9], [2, 3], [1, 2, 3], [6], [3, 6], [6, 7], [6, 9], [3, 6, 9], [1, 6], [1, 6, 7], [2, 6], [4, 6], [2, 4, 6]]
Verification passed!

--------------------------------------------------

System 15:
  Triangles: [(1, 2, 3), (1, 4, 5), (1, 6, 7), (2, 4, 6), (2, 5, 7), (3, 4, 7), (3, 5, 8), (6, 8, 9)]
  Dimension: 4
  Realizer:
    [[4], [6], [4, 6], [2], [2, 4], [2, 6], [2, 4, 6], [3], [2, 3], [1], [1, 4], [1, 6], [1, 2], [3, 4], [1, 3], [1, 2, 3], [7], [2, 7], [4, 7], [3, 7], [3, 4, 7], [5], [1, 5], [4, 5], [1, 4, 5], [5, 7], [1, 7], [6, 7], [1, 6, 7], [2, 5], [2, 5, 7], [3, 5], [8], [5, 8], [3, 8], [3, 5, 8], [6, 8], [9], [8, 9], [6, 9], [6, 8, 9]]
    [[9], [6], [6, 9], [8], [8, 9], [6, 8], [6, 8, 9], [7], [6, 7], [1], [1, 7], [1, 6], [1, 6, 7], [3], [3, 7], [3, 8], [5], [5, 8], [1, 5], [3, 5], [3, 5, 8], [1, 3], [2], [2, 5], [2, 3], [1, 2], [1, 2, 3], [2, 7], [5, 7], [2, 5, 7], [2, 6], [4], [4, 5], [4, 7], [3, 4], [3, 4, 7], [1, 4], [1, 4, 5], [2, 4], [4, 6], [2, 4, 6]]
    [[8], [9], [8, 9], [5], [5, 8], [4], [4, 5], [3], [3, 5], [3, 8], [3, 5, 8], [7], [5, 7], [4, 7], [3, 7], [3, 4], [3, 4, 7], [2], [2, 5], [2, 7], [2, 5, 7], [1], [1, 5], [1, 4], [1, 4, 5], [2, 4], [1, 2], [1, 7], [1, 3], [2, 3], [1, 2, 3], [6], [6, 7], [6, 8], [6, 9], [6, 8, 9], [1, 6], [1, 6, 7], [2, 6], [4, 6], [2, 4, 6]]
    [[1], [8], [9], [8, 9], [5], [5, 8], [1, 5], [4], [4, 5], [1, 4], [1, 4, 5], [2], [2, 5], [2, 4], [1, 2], [7], [2, 7], [5, 7], [2, 5, 7], [4, 7], [1, 7], [3], [3, 7], [3, 5], [3, 8], [3, 5, 8], [3, 4], [3, 4, 7], [1, 3], [2, 3], [1, 2, 3], [6], [6, 7], [6, 8], [6, 9], [6, 8, 9], [1, 6], [1, 6, 7], [2, 6], [4, 6], [2, 4, 6]]
Verification passed!

--------------------------------------------------

System 16:
  Triangles: [(1, 2, 3), (1, 4, 5), (1, 6, 7), (2, 4, 6), (2, 5, 7), (3, 4, 8), (3, 5, 9), (6, 8, 9)]
  Dimension: 4
  Realizer:
    [[4], [6], [4, 6], [2], [2, 4], [2, 6], [2, 4, 6], [3], [2, 3], [1], [1, 4], [1, 6], [1, 2], [1, 3], [1, 2, 3], [7], [2, 7], [5], [1, 5], [4, 5], [1, 4, 5], [5, 7], [1, 7], [6, 7], [1, 6, 7], [2, 5], [2, 5, 7], [3, 5], [9], [5, 9], [3, 4], [3, 9], [3, 5, 9], [6, 9], [8], [8, 9], [4, 8], [3, 8], [3, 4, 8], [6, 8], [6, 8, 9]]
    [[8], [6], [6, 8], [9], [8, 9], [6, 9], [6, 8, 9], [7], [6, 7], [1], [1, 7], [1, 6], [1, 6, 7], [3], [3, 9], [5], [5, 9], [1, 5], [3, 5], [3, 8], [1, 3], [5, 7], [3, 5, 9], [2], [2, 5], [2, 3], [1, 2], [1, 2, 3], [2, 7], [2, 5, 7], [2, 6], [4], [4, 8], [4, 5], [1, 4], [1, 4, 5], [2, 4], [3, 4], [3, 4, 8], [4, 6], [2, 4, 6]]
    [[8], [4], [4, 8], [3], [3, 8], [3, 4], [3, 4, 8], [9], [8, 9], [5], [5, 9], [4, 5], [2], [2, 5], [3, 5], [3, 9], [3, 5, 9], [7], [2, 7], [5, 7], [2, 5, 7], [1], [1, 5], [1, 4], [1, 4, 5], [2, 4], [1, 2], [1, 7], [1, 3], [2, 3], [1, 2, 3], [6], [6, 7], [6, 8], [6, 9], [6, 8, 9], [1, 6], [1, 6, 7], [2, 6], [4, 6], [2, 4, 6]]
    [[1], [8], [9], [8, 9], [5], [5, 9], [1, 5], [4], [4, 8], [4, 5], [1, 4], [1, 4, 5], [2], [2, 5], [2, 4], [1, 2], [7], [2, 7], [5, 7], [2, 5, 7], [1, 7], [3], [3, 5], [3, 8], [3, 4], [3, 4, 8], [1, 3], [3, 9], [3, 5, 9], [2, 3], [1, 2, 3], [6], [6, 7], [6, 8], [6, 9], [6, 8, 9], [1, 6], [1, 6, 7], [2, 6], [4, 6], [2, 4, 6]]
Verification passed!

--------------------------------------------------

System 17:
  Triangles: [(1, 2, 3), (1, 4, 5), (1, 6, 7), (2, 4, 6), (2, 5, 7), (3, 4, 8), (3, 7, 9), (5, 6, 8)]
  Dimension: 4
  Realizer:
    [[4], [6], [4, 6], [2], [2, 4], [2, 6], [2, 4, 6], [3], [2, 3], [1], [1, 4], [1, 6], [1, 2], [1, 3], [1, 2, 3], [7], [1, 7], [6, 7], [1, 6, 7], [5], [1, 5], [4, 5], [1, 4, 5], [2, 5], [2, 7], [5, 7], [2, 5, 7], [3, 7], [9], [7, 9], [3, 4], [3, 9], [3, 7, 9], [5, 6], [8], [5, 8], [4, 8], [3, 8], [3, 4, 8], [6, 8], [5, 6, 8]]
    [[8], [6], [6, 8], [5], [5, 8], [5, 6], [5, 6, 8], [9], [7], [6, 7], [1], [1, 5], [5, 7], [1, 7], [7, 9], [1, 6], [1, 6, 7], [3], [3, 7], [3, 8], [3, 9], [3, 7, 9], [1, 3], [2], [2, 5], [2, 3], [1, 2], [1, 2, 3], [2, 7], [2, 5, 7], [2, 6], [4], [4, 8], [4, 5], [1, 4], [1, 4, 5], [2, 4], [3, 4], [3, 4, 8], [4, 6], [2, 4, 6]]
    [[8], [4], [4, 8], [3], [3, 8], [3, 4], [3, 4, 8], [9], [2], [3, 9], [7], [2, 7], [7, 9], [3, 7], [3, 7, 9], [5], [5, 8], [4, 5], [2, 5], [5, 7], [2, 5, 7], [1], [1, 5], [1, 4], [1, 4, 5], [2, 4], [1, 2], [1, 7], [1, 3], [2, 3], [1, 2, 3], [6], [6, 7], [5, 6], [6, 8], [5, 6, 8], [1, 6], [1, 6, 7], [2, 6], [4, 6], [2, 4, 6]]
    [[1], [8], [9], [5], [5, 8], [1, 5], [4], [4, 8], [4, 5], [1, 4], [1, 4, 5], [2], [2, 5], [2, 4], [1, 2], [7], [2, 7], [5, 7], [2, 5, 7], [1, 7], [7, 9], [3], [3, 7], [3, 8], [3, 4], [3, 4, 8], [1, 3], [3, 9], [3, 7, 9], [2, 3], [1, 2, 3], [6], [6, 7], [5, 6], [6, 8], [5, 6, 8], [1, 6], [1, 6, 7], [2, 6], [4, 6], [2, 4, 6]]
Verification passed!

--------------------------------------------------

System 18:
  Triangles: [(1, 2, 3), (1, 4, 5), (1, 6, 7), (2, 4, 6), (2, 5, 7), (3, 4, 8), (3, 7, 9), (5, 8, 9)]
  Dimension: 4
  Realizer:
    [[4], [6], [4, 6], [2], [2, 4], [2, 6], [2, 4, 6], [3], [2, 3], [1], [1, 4], [1, 6], [1, 2], [3, 4], [1, 3], [1, 2, 3], [5], [1, 5], [4, 5], [1, 4, 5], [8], [5, 8], [4, 8], [3, 8], [3, 4, 8], [9], [8, 9], [5, 9], [5, 8, 9], [3, 9], [7], [5, 7], [1, 7], [7, 9], [6, 7], [1, 6, 7], [2, 5], [2, 7], [2, 5, 7], [3, 7], [3, 7, 9]]
    [[7], [6], [6, 7], [1], [1, 7], [1, 6], [1, 6, 7], [5], [3], [3, 7], [1, 5], [1, 3], [5, 7], [2], [2, 5], [2, 7], [2, 5, 7], [9], [5, 9], [7, 9], [3, 9], [3, 7, 9], [8], [8, 9], [5, 8], [5, 8, 9], [2, 3], [1, 2], [3, 8], [1, 2, 3], [2, 6], [4], [4, 8], [4, 5], [1, 4], [1, 4, 5], [2, 4], [3, 4], [3, 4, 8], [4, 6], [2, 4, 6]]
    [[8], [9], [8, 9], [4], [4, 8], [7], [7, 9], [3], [3, 7], [3, 8], [3, 4], [3, 4, 8], [3, 9], [3, 7, 9], [2], [2, 7], [5], [5, 8], [5, 9], [5, 8, 9], [4, 5], [2, 5], [5, 7], [2, 5, 7], [1], [1, 5], [1, 4], [1, 4, 5], [2, 4], [1, 2], [1, 7], [1, 3], [2, 3], [1, 2, 3], [6], [6, 7], [1, 6], [1, 6, 7], [2, 6], [4, 6], [2, 4, 6]]
    [[1], [8], [9], [8, 9], [5], [5, 8], [5, 9], [5, 8, 9], [1, 5], [4], [4, 8], [4, 5], [1, 4], [1, 4, 5], [2], [2, 5], [2, 4], [1, 2], [7], [2, 7], [5, 7], [2, 5, 7], [1, 7], [7, 9], [3], [3, 7], [3, 8], [3, 4], [3, 4, 8], [1, 3], [3, 9], [3, 7, 9], [2, 3], [1, 2, 3], [6], [6, 7], [1, 6], [1, 6, 7], [2, 6], [4, 6], [2, 4, 6]]
Verification passed!

--------------------------------------------------

System 19:
  Triangles: [(1, 2, 3), (1, 4, 5), (1, 6, 7), (2, 4, 6), (2, 5, 7), (3, 4, 8), (5, 6, 9), (7, 8, 9)]
  Dimension: 4
  Realizer:
    [[4], [6], [4, 6], [2], [2, 4], [2, 6], [2, 4, 6], [3], [2, 3], [1], [1, 4], [1, 6], [1, 2], [1, 3], [1, 2, 3], [7], [1, 7], [6, 7], [1, 6, 7], [5], [1, 5], [4, 5], [1, 4, 5], [2, 5], [2, 7], [5, 7], [2, 5, 7], [3, 4], [8], [4, 8], [7, 8], [3, 8], [3, 4, 8], [5, 6], [9], [8, 9], [7, 9], [7, 8, 9], [5, 9], [6, 9], [5, 6, 9]]
    [[9], [6], [6, 9], [5], [5, 9], [5, 6], [5, 6, 9], [7], [7, 9], [6, 7], [1], [1, 5], [5, 7], [1, 7], [1, 6], [1, 6, 7], [3], [1, 3], [8], [8, 9], [7, 8], [7, 8, 9], [2], [2, 5], [2, 3], [1, 2], [1, 2, 3], [2, 7], [2, 5, 7], [2, 6], [3, 8], [4], [4, 5], [1, 4], [1, 4, 5], [4, 8], [2, 4], [3, 4], [3, 4, 8], [4, 6], [2, 4, 6]]
    [[8], [4], [4, 8], [3], [3, 8], [3, 4], [3, 4, 8], [2], [7], [2, 7], [9], [8, 9], [7, 8], [7, 9], [7, 8, 9], [5], [4, 5], [2, 5], [5, 7], [2, 5, 7], [1], [1, 5], [1, 4], [1, 4, 5], [5, 9], [2, 4], [1, 2], [1, 7], [1, 3], [2, 3], [1, 2, 3], [6], [6, 7], [5, 6], [6, 9], [5, 6, 9], [1, 6], [1, 6, 7], [2, 6], [4, 6], [2, 4, 6]]
    [[1], [8], [9], [8, 9], [5], [5, 9], [1, 5], [4], [4, 8], [4, 5], [1, 4], [1, 4, 5], [2], [2, 5], [2, 4], [1, 2], [7], [2, 7], [5, 7], [2, 5, 7], [1, 7], [7, 8], [7, 9], [7, 8, 9], [3], [3, 8], [3, 4], [3, 4, 8], [1, 3], [2, 3], [1, 2, 3], [6], [6, 7], [5, 6], [6, 9], [5, 6, 9], [1, 6], [1, 6, 7], [2, 6], [4, 6], [2, 4, 6]]
Verification passed!

--------------------------------------------------

System 20:
  Triangles: [(1, 2, 3), (1, 4, 5), (1, 6, 7), (2, 4, 6), (2, 5, 7), (3, 4, 8), (5, 8, 9)]
  Dimension: 4
  Realizer:
    [[8], [6], [3], [3, 8], [1], [1, 6], [1, 3], [2], [1, 2], [2, 3], [1, 2, 3], [7], [2, 7], [5], [5, 8], [1, 5], [2, 5], [5, 7], [2, 5, 7], [2, 6], [4], [4, 8], [4, 5], [3, 4], [3, 4, 8], [1, 4], [1, 4, 5], [1, 7], [6, 7], [1, 6, 7], [2, 4], [4, 6], [2, 4, 6], [9], [8, 9], [5, 9], [5, 8, 9]]
    [[9], [7], [6], [6, 7], [1], [1, 7], [1, 6], [1, 6, 7], [4], [1, 4], [5], [5, 9], [1, 5], [5, 7], [4, 6], [2], [2, 5], [1, 2], [4, 5], [1, 4, 5], [2, 4], [2, 6], [2, 4, 6], [3], [2, 3], [1, 3], [1, 2, 3], [2, 7], [2, 5, 7], [3, 4], [8], [8, 9], [5, 8], [5, 8, 9], [4, 8], [3, 8], [3, 4, 8]]
    [[8], [9], [8, 9], [4], [4, 8], [3], [3, 8], [3, 4], [3, 4, 8], [2], [2, 4], [2, 3], [6], [2, 6], [4, 6], [2, 4, 6], [5], [5, 8], [5, 9], [5, 8, 9], [4, 5], [2, 5], [7], [2, 7], [5, 7], [2, 5, 7], [1], [1, 5], [1, 4], [1, 4, 5], [1, 2], [1, 7], [1, 3], [1, 2, 3], [6, 7], [1, 6], [1, 6, 7]]
    [[1], [8], [9], [8, 9], [5], [5, 8], [5, 9], [5, 8, 9], [1, 5], [4], [4, 8], [4, 5], [1, 4], [1, 4, 5], [2], [2, 5], [2, 4], [1, 2], [7], [2, 7], [5, 7], [2, 5, 7], [1, 7], [3], [3, 8], [3, 4], [3, 4, 8], [1, 3], [2, 3], [1, 2, 3], [6], [6, 7], [1, 6], [1, 6, 7], [2, 6], [4, 6], [2, 4, 6]]
Verification passed!

--------------------------------------------------

System 21:
  Triangles: [(1, 2, 3), (1, 4, 5), (1, 6, 7), (2, 4, 6), (2, 5, 7), (3, 4, 8), (7, 8, 9)]
  Dimension: 4
  Realizer:
    [[6], [3], [1], [1, 6], [1, 3], [2], [1, 2], [2, 3], [1, 2, 3], [7], [2, 7], [5], [1, 5], [2, 5], [5, 7], [2, 5, 7], [2, 6], [4], [4, 5], [3, 4], [1, 4], [1, 4, 5], [1, 7], [6, 7], [1, 6, 7], [2, 4], [4, 6], [2, 4, 6], [8], [4, 8], [3, 8], [3, 4, 8], [7, 8], [9], [8, 9], [7, 9], [7, 8, 9]]
    [[9], [7], [7, 9], [6], [6, 7], [8], [8, 9], [7, 8], [7, 8, 9], [1], [1, 7], [1, 6], [1, 6, 7], [4], [1, 4], [5], [1, 5], [5, 7], [4, 6], [2], [2, 5], [1, 2], [4, 5], [1, 4, 5], [2, 4], [2, 6], [2, 4, 6], [3], [2, 3], [1, 3], [1, 2, 3], [4, 8], [2, 7], [2, 5, 7], [3, 8], [3, 4], [3, 4, 8]]
    [[8], [9], [8, 9], [3], [3, 8], [4], [4, 8], [3, 4], [3, 4, 8], [2], [2, 4], [2, 3], [6], [2, 6], [4, 6], [2, 4, 6], [5], [4, 5], [2, 5], [7], [2, 7], [5, 7], [2, 5, 7], [1], [1, 5], [1, 4], [1, 4, 5], [1, 2], [1, 7], [7, 8], [7, 9], [7, 8, 9], [1, 3], [1, 2, 3], [6, 7], [1, 6], [1, 6, 7]]
    [[1], [8], [9], [8, 9], [5], [1, 5], [4], [4, 8], [4, 5], [1, 4], [1, 4, 5], [2], [2, 5], [2, 4], [1, 2], [7], [2, 7], [5, 7], [2, 5, 7], [1, 7], [7, 8], [7, 9], [7, 8, 9], [3], [3, 8], [3, 4], [3, 4, 8], [1, 3], [2, 3], [1, 2, 3], [6], [6, 7], [1, 6], [1, 6, 7], [2, 6], [4, 6], [2, 4, 6]]
Verification passed!

--------------------------------------------------

System 22:
  Triangles: [(1, 2, 3), (1, 4, 5), (1, 6, 7), (2, 4, 6), (2, 5, 7), (3, 8, 9), (4, 7, 8), (5, 6, 9)]
  Dimension: 4
  Realizer:
    [[4], [6], [4, 6], [2], [2, 4], [2, 6], [2, 4, 6], [3], [2, 3], [1], [1, 4], [1, 6], [1, 2], [1, 3], [1, 2, 3], [7], [4, 7], [1, 7], [6, 7], [1, 6, 7], [2, 7], [5], [1, 5], [4, 5], [1, 4, 5], [2, 5], [5, 7], [2, 5, 7], [8], [4, 8], [7, 8], [4, 7, 8], [3, 8], [5, 6], [9], [8, 9], [5, 9], [3, 9], [3, 8, 9], [6, 9], [5, 6, 9]]
    [[9], [6], [6, 9], [5], [5, 9], [5, 6], [5, 6, 9], [7], [6, 7], [1], [1, 5], [5, 7], [1, 7], [1, 6], [1, 6, 7], [3], [1, 3], [2], [2, 5], [2, 3], [1, 2], [3, 9], [8], [8, 9], [3, 8], [3, 8, 9], [1, 2, 3], [2, 7], [2, 5, 7], [7, 8], [2, 6], [4], [4, 8], [4, 5], [1, 4], [1, 4, 5], [2, 4], [4, 7], [4, 7, 8], [4, 6], [2, 4, 6]]
    [[8], [9], [8, 9], [4], [4, 8], [3], [3, 8], [3, 9], [3, 8, 9], [7], [4, 7], [7, 8], [4, 7, 8], [5], [5, 9], [4, 5], [2], [2, 5], [2, 7], [5, 7], [2, 5, 7], [1], [1, 5], [1, 4], [1, 4, 5], [2, 4], [1, 2], [1, 7], [1, 3], [2, 3], [1, 2, 3], [6], [6, 7], [5, 6], [6, 9], [5, 6, 9], [1, 6], [1, 6, 7], [2, 6], [4, 6], [2, 4, 6]]
    [[1], [8], [9], [8, 9], [5], [5, 9], [1, 5], [4], [4, 8], [4, 5], [1, 4], [1, 4, 5], [2], [2, 5], [2, 4], [1, 2], [7], [2, 7], [5, 7], [2, 5, 7], [4, 7], [1, 7], [7, 8], [4, 7, 8], [3], [3, 8], [1, 3], [3, 9], [3, 8, 9], [2, 3], [1, 2, 3], [6], [6, 7], [5, 6], [6, 9], [5, 6, 9], [1, 6], [1, 6, 7], [2, 6], [4, 6], [2, 4, 6]]
Verification passed!

--------------------------------------------------

System 23:
  Triangles: [(1, 2, 3), (1, 4, 5), (1, 6, 7), (2, 4, 6), (2, 5, 7), (4, 7, 8), (5, 6, 9)]
  Dimension: 4
  Realizer:
    [[1], [6], [1, 6], [3], [1, 3], [2], [1, 2], [2, 3], [1, 2, 3], [4], [2, 4], [2, 6], [4, 6], [2, 4, 6], [7], [1, 7], [6, 7], [1, 6, 7], [8], [2, 7], [4, 8], [1, 4], [4, 7], [7, 8], [4, 7, 8], [5], [1, 5], [2, 5], [5, 7], [2, 5, 7], [4, 5], [1, 4, 5], [5, 6], [9], [5, 9], [6, 9], [5, 6, 9]]
    [[9], [6], [6, 9], [5], [5, 9], [5, 6], [5, 6, 9], [7], [6, 7], [1], [1, 5], [5, 7], [1, 7], [1, 6], [1, 6, 7], [4], [4, 7], [1, 4], [4, 5], [1, 4, 5], [8], [4, 8], [7, 8], [4, 7, 8], [4, 6], [2], [2, 5], [2, 4], [1, 2], [2, 6], [2, 4, 6], [3], [2, 3], [1, 3], [1, 2, 3], [2, 7], [2, 5, 7]]
    [[9], [2], [3], [2, 3], [6], [2, 6], [5], [5, 9], [2, 5], [7], [2, 7], [5, 7], [2, 5, 7], [8], [7, 8], [4], [4, 8], [2, 4], [4, 6], [2, 4, 6], [4, 5], [4, 7], [4, 7, 8], [1], [1, 5], [1, 4], [1, 4, 5], [1, 2], [1, 7], [1, 3], [1, 2, 3], [6, 7], [5, 6], [6, 9], [5, 6, 9], [1, 6], [1, 6, 7]]
    [[1], [8], [9], [5], [5, 9], [1, 5], [4], [4, 8], [4, 5], [1, 4], [1, 4, 5], [2], [2, 5], [2, 4], [1, 2], [7], [2, 7], [5, 7], [2, 5, 7], [4, 7], [1, 7], [7, 8], [4, 7, 8], [3], [1, 3], [2, 3], [1, 2, 3], [6], [6, 7], [5, 6], [6, 9], [5, 6, 9], [1, 6], [1, 6, 7], [2, 6], [4, 6], [2, 4, 6]]
Verification passed!

--------------------------------------------------

System 24:
  Triangles: [(1, 2, 3), (1, 4, 5), (1, 6, 7), (2, 4, 6), (2, 5, 8), (3, 4, 9), (3, 5, 7), (6, 8, 9)]
  Dimension: 4
  Realizer:
    [[4], [6], [4, 6], [2], [2, 4], [2, 6], [2, 4, 6], [3], [2, 3], [1], [1, 4], [1, 6], [1, 2], [1, 3], [1, 2, 3], [5], [1, 5], [4, 5], [1, 4, 5], [3, 5], [7], [5, 7], [1, 7], [6, 7], [1, 6, 7], [2, 5], [3, 7], [3, 5, 7], [8], [5, 8], [2, 8], [2, 5, 8], [3, 4], [6, 8], [9], [8, 9], [4, 9], [3, 9], [3, 4, 9], [6, 9], [6, 8, 9]]
    [[9], [6], [6, 9], [8], [8, 9], [6, 8], [6, 8, 9], [7], [6, 7], [1], [1, 7], [1, 6], [1, 6, 7], [3], [3, 7], [5], [5, 8], [5, 7], [3, 5], [3, 5, 7], [1, 5], [1, 3], [2], [2, 5], [2, 3], [1, 2], [2, 8], [2, 5, 8], [3, 9], [1, 2, 3], [2, 6], [4], [4, 9], [4, 5], [1, 4], [1, 4, 5], [2, 4], [3, 4], [3, 4, 9], [4, 6], [2, 4, 6]]
    [[9], [4], [4, 9], [3], [3, 4], [3, 9], [3, 4, 9], [8], [8, 9], [2], [2, 8], [5], [5, 8], [4, 5], [2, 5], [2, 5, 8], [7], [5, 7], [3, 7], [3, 5], [3, 5, 7], [1], [1, 5], [1, 4], [1, 4, 5], [2, 4], [1, 2], [1, 7], [1, 3], [2, 3], [1, 2, 3], [6], [6, 7], [6, 8], [6, 9], [6, 8, 9], [1, 6], [1, 6, 7], [2, 6], [4, 6], [2, 4, 6]]
    [[1], [8], [9], [8, 9], [5], [5, 8], [1, 5], [4], [4, 9], [4, 5], [1, 4], [1, 4, 5], [2], [2, 5], [2, 4], [1, 2], [2, 8], [2, 5, 8], [7], [5, 7], [1, 7], [3], [3, 7], [3, 5], [3, 5, 7], [3, 4], [1, 3], [3, 9], [3, 4, 9], [2, 3], [1, 2, 3], [6], [6, 7], [6, 8], [6, 9], [6, 8, 9], [1, 6], [1, 6, 7], [2, 6], [4, 6], [2, 4, 6]]
Verification passed!

--------------------------------------------------

System 25:
  Triangles: [(1, 2, 3), (1, 4, 5), (1, 6, 7), (2, 4, 6), (2, 5, 8), (3, 4, 9), (3, 7, 8), (5, 7, 9), (6, 8, 9)]
  Dimension: 4
  Realizer:
    [[4], [6], [4, 6], [2], [2, 4], [2, 6], [2, 4, 6], [3], [2, 3], [1], [1, 4], [1, 6], [1, 2], [1, 3], [1, 2, 3], [5], [1, 5], [4, 5], [1, 4, 5], [7], [5, 7], [1, 7], [6, 7], [1, 6, 7], [2, 5], [3, 7], [3, 4], [9], [5, 9], [4, 9], [7, 9], [5, 7, 9], [3, 9], [3, 4, 9], [6, 9], [8], [5, 8], [2, 8], [2, 5, 8], [8, 9], [7, 8], [3, 8], [3, 7, 8], [6, 8], [6, 8, 9]]
    [[8], [6], [6, 8], [7], [6, 7], [1], [1, 7], [7, 8], [1, 6], [1, 6, 7], [3], [3, 7], [3, 8], [3, 7, 8], [1, 3], [2], [2, 8], [5], [5, 8], [2, 5], [2, 5, 8], [9], [8, 9], [6, 9], [6, 8, 9], [5, 9], [2, 3], [1, 5], [1, 2], [3, 9], [1, 2, 3], [5, 7], [7, 9], [5, 7, 9], [2, 6], [4], [4, 9], [4, 5], [1, 4], [1, 4, 5], [2, 4], [3, 4], [3, 4, 9], [4, 6], [2, 4, 6]]
    [[9], [4], [4, 9], [8], [8, 9], [6], [6, 8], [6, 9], [6, 8, 9], [3], [3, 8], [3, 4], [3, 9], [3, 4, 9], [7], [7, 8], [7, 9], [5], [5, 9], [5, 8], [4, 5], [5, 7], [5, 7, 9], [2], [2, 5], [2, 8], [2, 5, 8], [3, 7], [3, 7, 8], [1], [1, 5], [1, 4], [1, 4, 5], [2, 4], [1, 2], [1, 7], [1, 3], [2, 3], [1, 2, 3], [6, 7], [1, 6], [1, 6, 7], [2, 6], [4, 6], [2, 4, 6]]
    [[1], [8], [9], [8, 9], [5], [5, 8], [5, 9], [1, 5], [4], [4, 9], [4, 5], [1, 4], [1, 4, 5], [2], [2, 5], [2, 4], [1, 2], [2, 8], [2, 5, 8], [7], [5, 7], [1, 7], [7, 8], [7, 9], [5, 7, 9], [3], [3, 7], [3, 8], [3, 7, 8], [3, 4], [1, 3], [3, 9], [3, 4, 9], [2, 3], [1, 2, 3], [6], [6, 7], [6, 8], [6, 9], [6, 8, 9], [1, 6], [1, 6, 7], [2, 6], [4, 6], [2, 4, 6]]
Verification passed!

--------------------------------------------------

System 26:
  Triangles: [(1, 2, 3), (1, 4, 5), (1, 6, 7), (2, 4, 6), (2, 5, 8), (3, 4, 9), (7, 8, 9)]
  Dimension: 4
  Realizer:
    [[6], [7], [6, 7], [1], [1, 6], [1, 7], [1, 6, 7], [3], [1, 3], [2], [2, 3], [2, 6], [1, 2], [1, 2, 3], [8], [2, 8], [5], [5, 8], [2, 5], [2, 5, 8], [4], [3, 4], [2, 4], [4, 6], [2, 4, 6], [7, 8], [1, 5], [4, 5], [1, 4], [1, 4, 5], [9], [4, 9], [3, 9], [3, 4, 9], [8, 9], [7, 9], [7, 8, 9]]
    [[6], [4], [9], [4, 9], [4, 6], [2], [2, 4], [2, 6], [2, 4, 6], [3], [3, 4], [3, 9], [3, 4, 9], [2, 3], [1], [1, 6], [1, 3], [1, 4], [5], [2, 5], [1, 5], [4, 5], [1, 4, 5], [8], [5, 8], [1, 2], [1, 2, 3], [7], [7, 8], [6, 7], [1, 7], [1, 6, 7], [8, 9], [7, 9], [7, 8, 9], [2, 8], [2, 5, 8]]
    [[9], [7], [7, 9], [8], [8, 9], [7, 8], [7, 8, 9], [5], [5, 8], [3], [3, 9], [4], [4, 9], [4, 5], [3, 4], [3, 4, 9], [2], [2, 5], [2, 8], [2, 5, 8], [1], [1, 5], [1, 4], [1, 4, 5], [2, 4], [1, 2], [1, 7], [1, 3], [2, 3], [1, 2, 3], [6], [6, 7], [1, 6], [1, 6, 7], [2, 6], [4, 6], [2, 4, 6]]
    [[1], [8], [9], [8, 9], [5], [5, 8], [1, 5], [4], [4, 9], [4, 5], [1, 4], [1, 4, 5], [2], [2, 5], [2, 4], [1, 2], [2, 8], [2, 5, 8], [7], [1, 7], [7, 8], [7, 9], [7, 8, 9], [3], [3, 4], [1, 3], [3, 9], [3, 4, 9], [2, 3], [1, 2, 3], [6], [6, 7], [1, 6], [1, 6, 7], [2, 6], [4, 6], [2, 4, 6]]
Verification passed!

--------------------------------------------------

System 27:
  Triangles: [(1, 2, 3), (1, 4, 5), (1, 6, 7), (2, 4, 6), (2, 5, 8), (3, 5, 7), (3, 6, 9), (4, 8, 9)]
  Dimension: 4
  Realizer:
    [[4], [6], [4, 6], [2], [2, 4], [2, 6], [2, 4, 6], [3], [2, 3], [3, 6], [1], [1, 4], [1, 6], [1, 2], [1, 3], [1, 2, 3], [5], [2, 5], [1, 5], [4, 5], [1, 4, 5], [8], [5, 8], [4, 8], [2, 8], [2, 5, 8], [3, 5], [7], [5, 7], [3, 7], [3, 5, 7], [9], [4, 9], [3, 9], [6, 9], [3, 6, 9], [8, 9], [4, 8, 9], [1, 7], [6, 7], [1, 6, 7]]
    [[7], [6], [6, 7], [1], [1, 7], [1, 6], [1, 6, 7], [9], [6, 9], [3], [3, 7], [3, 9], [3, 6], [3, 6, 9], [5], [5, 7], [3, 5], [3, 5, 7], [1, 5], [1, 3], [2], [2, 3], [1, 2], [1, 2, 3], [8], [8, 9], [5, 8], [2, 5], [2, 8], [2, 5, 8], [2, 6], [4], [4, 8], [4, 9], [4, 8, 9], [4, 5], [1, 4], [1, 4, 5], [2, 4], [4, 6], [2, 4, 6]]
    [[4], [2], [9], [4, 9], [8], [4, 8], [2, 8], [8, 9], [4, 8, 9], [5], [5, 8], [4, 5], [2, 5], [3], [3, 5], [2, 5, 8], [3, 9], [6], [3, 6], [6, 9], [3, 6, 9], [7], [5, 7], [3, 7], [3, 5, 7], [1], [1, 5], [1, 4], [1, 4, 5], [2, 4], [1, 2], [1, 7], [1, 3], [2, 3], [1, 2, 3], [6, 7], [1, 6], [1, 6, 7], [2, 6], [4, 6], [2, 4, 6]]
    [[1], [8], [9], [8, 9], [5], [5, 8], [1, 5], [4], [4, 8], [4, 9], [4, 8, 9], [4, 5], [1, 4], [1, 4, 5], [2], [2, 5], [2, 4], [1, 2], [2, 8], [2, 5, 8], [7], [5, 7], [1, 7], [3], [3, 7], [3, 5], [3, 5, 7], [1, 3], [3, 9], [2, 3], [1, 2, 3], [6], [3, 6], [6, 7], [6, 9], [3, 6, 9], [1, 6], [1, 6, 7], [2, 6], [4, 6], [2, 4, 6]]
Verification passed!

--------------------------------------------------

System 28:
  Triangles: [(1, 2, 3), (1, 4, 5), (1, 6, 7), (2, 4, 6), (2, 5, 8), (3, 5, 7), (6, 8, 9)]
  Dimension: 4
  Realizer:
    [[4], [6], [4, 6], [2], [2, 4], [2, 6], [2, 4, 6], [1], [1, 4], [1, 6], [1, 2], [3], [1, 3], [2, 3], [1, 2, 3], [5], [2, 5], [1, 5], [4, 5], [1, 4, 5], [3, 5], [7], [5, 7], [1, 7], [6, 7], [1, 6, 7], [3, 7], [3, 5, 7], [8], [5, 8], [2, 8], [2, 5, 8], [6, 8], [9], [8, 9], [6, 9], [6, 8, 9]]
    [[9], [6], [6, 9], [8], [8, 9], [6, 8], [6, 8, 9], [7], [6, 7], [1], [1, 7], [1, 6], [1, 6, 7], [3], [3, 7], [5], [5, 8], [5, 7], [3, 5], [3, 5, 7], [1, 5], [1, 3], [2], [2, 5], [2, 3], [1, 2], [2, 8], [1, 2, 3], [2, 5, 8], [2, 6], [4], [4, 5], [1, 4], [1, 4, 5], [2, 4], [4, 6], [2, 4, 6]]
    [[8], [9], [8, 9], [4], [2], [2, 8], [5], [5, 8], [4, 5], [2, 5], [7], [5, 7], [3], [3, 7], [3, 5], [3, 5, 7], [2, 3], [2, 5, 8], [1], [1, 5], [1, 4], [1, 4, 5], [2, 4], [1, 2], [1, 7], [1, 3], [1, 2, 3], [6], [6, 7], [6, 8], [6, 9], [6, 8, 9], [1, 6], [1, 6, 7], [2, 6], [4, 6], [2, 4, 6]]
    [[1], [8], [9], [8, 9], [5], [5, 8], [1, 5], [4], [4, 5], [1, 4], [1, 4, 5], [2], [2, 5], [2, 4], [1, 2], [2, 8], [2, 5, 8], [7], [5, 7], [1, 7], [3], [3, 7], [3, 5], [3, 5, 7], [1, 3], [2, 3], [1, 2, 3], [6], [6, 7], [6, 8], [6, 9], [6, 8, 9], [1, 6], [1, 6, 7], [2, 6], [4, 6], [2, 4, 6]]
Verification passed!

--------------------------------------------------

System 29:
  Triangles: [(1, 2, 3), (1, 4, 5), (1, 6, 7), (2, 4, 6), (2, 5, 8), (3, 5, 9), (3, 7, 8), (4, 7, 9), (6, 8, 9)]
  Dimension: 4
  Realizer:
    [[4], [6], [4, 6], [2], [2, 4], [2, 6], [2, 4, 6], [3], [2, 3], [1], [1, 4], [1, 6], [1, 2], [1, 3], [1, 2, 3], [7], [4, 7], [1, 7], [9], [4, 9], [7, 9], [4, 7, 9], [3, 9], [5], [1, 5], [4, 5], [1, 4, 5], [6, 7], [1, 6, 7], [2, 5], [5, 9], [3, 7], [3, 5], [3, 5, 9], [6, 9], [8], [5, 8], [2, 8], [2, 5, 8], [8, 9], [7, 8], [3, 8], [3, 7, 8], [6, 8], [6, 8, 9]]
    [[8], [6], [6, 8], [7], [6, 7], [1], [1, 7], [7, 8], [1, 6], [1, 6, 7], [3], [3, 7], [3, 8], [3, 7, 8], [1, 3], [2], [2, 8], [5], [5, 8], [2, 3], [1, 5], [2, 5], [1, 2], [2, 5, 8], [3, 5], [1, 2, 3], [2, 6], [4], [4, 5], [1, 4], [1, 4, 5], [9], [8, 9], [6, 9], [6, 8, 9], [5, 9], [4, 9], [2, 4], [4, 7], [7, 9], [4, 7, 9], [3, 9], [3, 5, 9], [4, 6], [2, 4, 6]]
    [[8], [9], [8, 9], [6], [6, 8], [6, 9], [6, 8, 9], [5], [5, 8], [5, 9], [3], [3, 5], [3, 8], [3, 9], [3, 5, 9], [7], [7, 8], [7, 9], [4], [4, 9], [4, 7], [4, 7, 9], [4, 5], [2], [2, 5], [2, 8], [2, 5, 8], [3, 7], [3, 7, 8], [1], [1, 5], [1, 4], [1, 4, 5], [2, 4], [1, 2], [1, 7], [1, 3], [2, 3], [1, 2, 3], [6, 7], [1, 6], [1, 6, 7], [2, 6], [4, 6], [2, 4, 6]]
    [[1], [8], [9], [8, 9], [5], [5, 8], [5, 9], [1, 5], [4], [4, 9], [4, 5], [1, 4], [1, 4, 5], [2], [2, 5], [2, 4], [1, 2], [2, 8], [2, 5, 8], [7], [4, 7], [1, 7], [7, 8], [7, 9], [4, 7, 9], [3], [3, 7], [3, 5], [3, 8], [3, 7, 8], [1, 3], [3, 9], [3, 5, 9], [2, 3], [1, 2, 3], [6], [6, 7], [6, 8], [6, 9], [6, 8, 9], [1, 6], [1, 6, 7], [2, 6], [4, 6], [2, 4, 6]]
Verification passed!

--------------------------------------------------

System 30:
  Triangles: [(1, 2, 3), (1, 4, 5), (1, 6, 7), (2, 4, 6), (2, 5, 8), (3, 5, 9), (6, 8, 9)]
  Dimension: 4
  Realizer:
    [[6], [4], [4, 6], [2], [2, 4], [2, 6], [2, 4, 6], [3], [2, 3], [1], [1, 6], [1, 3], [1, 2], [1, 2, 3], [7], [6, 7], [1, 7], [1, 6, 7], [1, 4], [5], [3, 5], [2, 5], [1, 5], [4, 5], [1, 4, 5], [9], [5, 9], [3, 9], [3, 5, 9], [6, 9], [8], [8, 9], [5, 8], [2, 8], [2, 5, 8], [6, 8], [6, 8, 9]]
    [[6], [8], [6, 8], [9], [8, 9], [6, 9], [6, 8, 9], [7], [6, 7], [1], [1, 6], [1, 7], [1, 6, 7], [3], [3, 9], [5], [5, 9], [3, 5], [3, 5, 9], [1, 3], [2], [2, 6], [2, 3], [1, 2], [1, 2, 3], [5, 8], [2, 5], [2, 8], [2, 5, 8], [4], [2, 4], [4, 6], [2, 4, 6], [1, 4], [4, 5], [1, 5], [1, 4, 5]]
    [[8], [4], [2], [2, 8], [5], [5, 8], [4, 5], [2, 5], [2, 5, 8], [9], [8, 9], [5, 9], [3], [3, 5], [3, 9], [3, 5, 9], [1], [1, 5], [1, 4], [1, 4, 5], [2, 4], [1, 2], [7], [1, 7], [1, 3], [2, 3], [1, 2, 3], [6], [6, 7], [6, 8], [6, 9], [6, 8, 9], [1, 6], [1, 6, 7], [2, 6], [4, 6], [2, 4, 6]]
    [[1], [8], [9], [8, 9], [5], [5, 8], [5, 9], [1, 5], [4], [4, 5], [1, 4], [1, 4, 5], [2], [2, 5], [2, 4], [1, 2], [2, 8], [2, 5, 8], [7], [1, 7], [3], [3, 5], [1, 3], [3, 9], [3, 5, 9], [2, 3], [1, 2, 3], [6], [6, 7], [6, 8], [6, 9], [6, 8, 9], [1, 6], [1, 6, 7], [2, 6], [4, 6], [2, 4, 6]]
Verification passed!

--------------------------------------------------

System 31:
  Triangles: [(1, 2, 3), (1, 4, 5), (1, 6, 7), (2, 4, 6), (2, 5, 8), (3, 5, 9), (7, 8, 9)]
  Dimension: 4
  Realizer:
    [[6], [7], [6, 7], [1], [1, 6], [1, 7], [1, 6, 7], [3], [1, 3], [9], [3, 9], [5], [5, 9], [3, 5], [3, 5, 9], [2], [2, 3], [2, 6], [1, 2], [1, 2, 3], [4], [2, 4], [4, 6], [2, 4, 6], [7, 9], [1, 4], [2, 5], [1, 5], [4, 5], [1, 4, 5], [8], [8, 9], [7, 8], [7, 8, 9], [5, 8], [2, 8], [2, 5, 8]]
    [[8], [6], [4], [4, 6], [2], [2, 4], [2, 6], [2, 4, 6], [3], [2, 3], [1], [1, 6], [1, 3], [2, 8], [1, 2], [1, 2, 3], [1, 4], [5], [5, 8], [3, 5], [2, 5], [2, 5, 8], [1, 5], [4, 5], [1, 4, 5], [9], [5, 9], [3, 9], [3, 5, 9], [7], [7, 8], [6, 7], [1, 7], [1, 6, 7], [8, 9], [7, 9], [7, 8, 9]]
    [[8], [7], [7, 8], [9], [8, 9], [7, 9], [7, 8, 9], [5], [5, 8], [5, 9], [2], [2, 5], [2, 8], [2, 5, 8], [4], [4, 5], [3], [3, 5], [3, 9], [3, 5, 9], [1], [1, 5], [1, 4], [1, 4, 5], [2, 4], [1, 2], [1, 7], [1, 3], [2, 3], [1, 2, 3], [6], [6, 7], [1, 6], [1, 6, 7], [2, 6], [4, 6], [2, 4, 6]]
    [[1], [8], [9], [8, 9], [5], [5, 8], [5, 9], [1, 5], [4], [4, 5], [1, 4], [1, 4, 5], [2], [2, 5], [2, 4], [1, 2], [2, 8], [2, 5, 8], [7], [1, 7], [7, 8], [7, 9], [7, 8, 9], [3], [3, 5], [1, 3], [3, 9], [3, 5, 9], [2, 3], [1, 2, 3], [6], [6, 7], [1, 6], [1, 6, 7], [2, 6], [4, 6], [2, 4, 6]]
Verification passed!

--------------------------------------------------

System 32:
  Triangles: [(1, 2, 3), (1, 4, 5), (1, 6, 7), (2, 4, 6), (2, 5, 8), (3, 7, 8), (5, 6, 9)]
  Dimension: 4
  Realizer:
    [[4], [6], [4, 6], [2], [2, 4], [2, 6], [2, 4, 6], [1], [1, 4], [1, 6], [1, 2], [3], [1, 3], [2, 3], [1, 2, 3], [7], [1, 7], [6, 7], [1, 6, 7], [5], [2, 5], [1, 5], [4, 5], [1, 4, 5], [8], [5, 8], [2, 8], [2, 5, 8], [3, 8], [7, 8], [3, 7], [3, 7, 8], [5, 6], [9], [5, 9], [6, 9], [5, 6, 9]]
    [[9], [6], [6, 9], [5], [5, 9], [5, 6], [5, 6, 9], [7], [6, 7], [1], [1, 5], [1, 7], [1, 6], [1, 6, 7], [3], [3, 7], [8], [5, 8], [7, 8], [3, 8], [3, 7, 8], [1, 3], [2], [2, 5], [2, 3], [1, 2], [2, 8], [1, 2, 3], [2, 5, 8], [2, 6], [4], [4, 5], [1, 4], [1, 4, 5], [2, 4], [4, 6], [2, 4, 6]]
    [[8], [9], [4], [2], [2, 8], [3], [3, 8], [7], [7, 8], [3, 7], [3, 7, 8], [5], [5, 8], [5, 9], [4, 5], [2, 5], [2, 3], [2, 5, 8], [1], [1, 5], [1, 4], [1, 4, 5], [2, 4], [1, 2], [1, 7], [1, 3], [1, 2, 3], [6], [6, 7], [5, 6], [6, 9], [5, 6, 9], [1, 6], [1, 6, 7], [2, 6], [4, 6], [2, 4, 6]]
    [[1], [8], [9], [5], [5, 8], [5, 9], [1, 5], [4], [4, 5], [1, 4], [1, 4, 5], [2], [2, 5], [2, 4], [1, 2], [2, 8], [2, 5, 8], [7], [1, 7], [7, 8], [3], [3, 7], [3, 8], [3, 7, 8], [1, 3], [2, 3], [1, 2, 3], [6], [6, 7], [5, 6], [6, 9], [5, 6, 9], [1, 6], [1, 6, 7], [2, 6], [4, 6], [2, 4, 6]]
Verification passed!

--------------------------------------------------

System 33:
  Triangles: [(1, 2, 3), (1, 4, 5), (1, 6, 7), (2, 4, 6), (2, 5, 8), (3, 7, 8), (5, 7, 9), (6, 8, 9)]
  Dimension: 4
  Realizer:
    [[9], [6], [6, 9], [8], [8, 9], [6, 8], [6, 8, 9], [4], [4, 6], [2], [2, 4], [2, 6], [2, 4, 6], [3], [2, 3], [1], [1, 4], [1, 6], [1, 2], [3, 8], [1, 3], [1, 2, 3], [7], [1, 7], [7, 8], [7, 9], [6, 7], [1, 6, 7], [2, 8], [3, 7], [3, 7, 8], [5], [5, 8], [5, 9], [1, 5], [4, 5], [1, 4, 5], [2, 5], [2, 5, 8], [5, 7], [5, 7, 9]]
    [[5], [7], [6], [6, 7], [1], [1, 5], [5, 7], [1, 7], [1, 6], [1, 6, 7], [3], [3, 7], [1, 3], [2], [2, 5], [2, 3], [1, 2], [1, 2, 3], [2, 6], [4], [4, 5], [1, 4], [1, 4, 5], [2, 4], [4, 6], [2, 4, 6], [8], [5, 8], [7, 8], [3, 8], [3, 7, 8], [2, 8], [2, 5, 8], [6, 8], [9], [8, 9], [5, 9], [7, 9], [5, 7, 9], [6, 9], [6, 8, 9]]
    [[9], [5], [5, 9], [7], [5, 7], [7, 9], [5, 7, 9], [8], [8, 9], [5, 8], [7, 8], [3], [3, 7], [3, 8], [3, 7, 8], [2], [2, 5], [2, 8], [2, 5, 8], [4], [4, 5], [1], [1, 5], [1, 4], [1, 4, 5], [2, 4], [1, 2], [1, 7], [1, 3], [2, 3], [1, 2, 3], [6], [6, 7], [6, 8], [6, 9], [6, 8, 9], [1, 6], [1, 6, 7], [2, 6], [4, 6], [2, 4, 6]]
    [[1], [8], [9], [8, 9], [5], [5, 8], [5, 9], [1, 5], [4], [4, 5], [1, 4], [1, 4, 5], [2], [2, 5], [2, 4], [1, 2], [2, 8], [2, 5, 8], [7], [5, 7], [1, 7], [7, 8], [7, 9], [5, 7, 9], [3], [3, 7], [3, 8], [3, 7, 8], [1, 3], [2, 3], [1, 2, 3], [6], [6, 7], [6, 8], [6, 9], [6, 8, 9], [1, 6], [1, 6, 7], [2, 6], [4, 6], [2, 4, 6]]
Verification passed!

--------------------------------------------------

System 34:
  Triangles: [(1, 2, 3), (1, 4, 5), (1, 6, 7), (2, 4, 6), (2, 5, 8), (3, 7, 9), (6, 8, 9)]
  Dimension: 4
  Realizer:
    [[9], [6], [6, 9], [8], [8, 9], [6, 8], [6, 8, 9], [4], [4, 6], [2], [2, 4], [2, 8], [2, 6], [2, 4, 6], [5], [5, 8], [4, 5], [2, 5], [2, 5, 8], [1], [1, 5], [1, 4], [1, 4, 5], [1, 6], [1, 2], [3], [1, 3], [3, 9], [2, 3], [1, 2, 3], [7], [1, 7], [7, 9], [6, 7], [1, 6, 7], [3, 7], [3, 7, 9]]
    [[7], [6], [6, 7], [1], [1, 7], [1, 6], [1, 6, 7], [3], [3, 7], [1, 3], [2], [2, 3], [1, 2], [1, 2, 3], [2, 6], [4], [1, 4], [5], [1, 5], [4, 5], [1, 4, 5], [2, 5], [2, 4], [4, 6], [2, 4, 6], [8], [5, 8], [2, 8], [2, 5, 8], [6, 8], [9], [8, 9], [7, 9], [3, 9], [3, 7, 9], [6, 9], [6, 8, 9]]
    [[9], [7], [7, 9], [3], [3, 7], [3, 9], [3, 7, 9], [8], [8, 9], [5], [5, 8], [2], [2, 3], [1], [1, 5], [2, 5], [2, 8], [2, 5, 8], [4], [4, 5], [1, 4], [1, 4, 5], [2, 4], [1, 2], [1, 7], [1, 3], [1, 2, 3], [6], [6, 7], [6, 8], [6, 9], [6, 8, 9], [1, 6], [1, 6, 7], [2, 6], [4, 6], [2, 4, 6]]
    [[1], [8], [9], [8, 9], [5], [5, 8], [1, 5], [4], [4, 5], [1, 4], [1, 4, 5], [2], [2, 5], [2, 4], [1, 2], [2, 8], [2, 5, 8], [7], [1, 7], [7, 9], [3], [3, 7], [1, 3], [3, 9], [3, 7, 9], [2, 3], [1, 2, 3], [6], [6, 7], [6, 8], [6, 9], [6, 8, 9], [1, 6], [1, 6, 7], [2, 6], [4, 6], [2, 4, 6]]
Verification passed!

--------------------------------------------------

System 35:
  Triangles: [(1, 2, 3), (1, 4, 5), (1, 6, 7), (2, 4, 6), (2, 5, 8), (5, 7, 9), (6, 8, 9)]
  Dimension: 4
  Realizer:
    [[6], [4], [4, 6], [2], [2, 4], [2, 6], [2, 4, 6], [3], [2, 3], [1], [1, 6], [1, 3], [1, 2], [1, 2, 3], [7], [6, 7], [1, 7], [1, 6, 7], [1, 4], [5], [5, 7], [1, 5], [4, 5], [1, 4, 5], [9], [5, 9], [7, 9], [5, 7, 9], [2, 5], [6, 9], [8], [8, 9], [5, 8], [2, 8], [2, 5, 8], [6, 8], [6, 8, 9]]
    [[8], [6], [6, 8], [9], [8, 9], [6, 9], [6, 8, 9], [7], [7, 9], [5], [5, 8], [5, 9], [5, 7], [5, 7, 9], [6, 7], [1], [1, 5], [1, 7], [1, 6], [1, 6, 7], [3], [1, 3], [2], [2, 5], [2, 8], [2, 5, 8], [2, 3], [2, 6], [1, 2], [1, 2, 3], [4], [4, 5], [2, 4], [4, 6], [2, 4, 6], [1, 4], [1, 4, 5]]
    [[8], [4], [2], [2, 8], [5], [5, 8], [4, 5], [2, 5], [2, 5, 8], [1], [9], [8, 9], [5, 9], [1, 5], [1, 4], [1, 4, 5], [2, 4], [1, 2], [7], [5, 7], [1, 7], [7, 9], [5, 7, 9], [3], [1, 3], [2, 3], [1, 2, 3], [6], [6, 7], [6, 8], [6, 9], [6, 8, 9], [1, 6], [1, 6, 7], [2, 6], [4, 6], [2, 4, 6]]
    [[1], [8], [9], [8, 9], [5], [5, 8], [5, 9], [1, 5], [4], [4, 5], [1, 4], [1, 4, 5], [2], [2, 5], [2, 4], [1, 2], [2, 8], [2, 5, 8], [7], [5, 7], [1, 7], [7, 9], [5, 7, 9], [3], [1, 3], [2, 3], [1, 2, 3], [6], [6, 7], [6, 8], [6, 9], [6, 8, 9], [1, 6], [1, 6, 7], [2, 6], [4, 6], [2, 4, 6]]
Verification passed!

--------------------------------------------------

System 36:
  Triangles: [(1, 2, 3), (1, 4, 5), (1, 6, 7), (2, 4, 6), (2, 5, 8), (7, 8, 9)]
  Dimension: 4
  Realizer:
    [[6], [7], [6, 7], [9], [7, 9], [8], [8, 9], [7, 8], [7, 8, 9], [1], [1, 6], [1, 7], [1, 6, 7], [3], [1, 3], [2], [2, 3], [2, 6], [1, 2], [1, 2, 3], [4], [2, 4], [2, 8], [4, 6], [2, 4, 6], [1, 4], [5], [5, 8], [2, 5], [2, 5, 8], [1, 5], [4, 5], [1, 4, 5]]
    [[5], [4], [4, 5], [6], [4, 6], [2], [2, 5], [2, 4], [2, 6], [2, 4, 6], [3], [2, 3], [1], [1, 5], [1, 4], [1, 4, 5], [1, 6], [1, 2], [1, 3], [1, 2, 3], [7], [6, 7], [1, 7], [1, 6, 7], [8], [5, 8], [2, 8], [2, 5, 8], [7, 8], [9], [8, 9], [7, 9], [7, 8, 9]]
    [[8], [9], [5], [2], [5, 8], [2, 5], [2, 8], [2, 5, 8], [1], [1, 5], [4], [4, 5], [1, 4], [1, 4, 5], [2, 4], [1, 2], [8, 9], [7], [1, 7], [7, 8], [7, 9], [7, 8, 9], [3], [1, 3], [2, 3], [1, 2, 3], [6], [6, 7], [1, 6], [1, 6, 7], [2, 6], [4, 6], [2, 4, 6]]
    [[1], [8], [9], [8, 9], [5], [5, 8], [1, 5], [4], [4, 5], [1, 4], [1, 4, 5], [2], [2, 5], [2, 4], [1, 2], [2, 8], [2, 5, 8], [7], [1, 7], [7, 8], [7, 9], [7, 8, 9], [3], [1, 3], [2, 3], [1, 2, 3], [6], [6, 7], [1, 6], [1, 6, 7], [2, 6], [4, 6], [2, 4, 6]]
Verification passed!

--------------------------------------------------

System 37:
  Triangles: [(1, 2, 3), (1, 4, 5), (1, 6, 7), (2, 4, 6), (2, 8, 9), (3, 5, 8), (5, 7, 9)]
  Dimension: 4
  Realizer:
    [[6], [7], [6, 7], [1], [1, 6], [1, 7], [1, 6, 7], [3], [1, 3], [2], [2, 3], [2, 6], [1, 2], [1, 2, 3], [4], [2, 4], [4, 6], [2, 4, 6], [1, 4], [5], [3, 5], [5, 7], [1, 5], [4, 5], [1, 4, 5], [8], [5, 8], [3, 8], [3, 5, 8], [2, 8], [9], [5, 9], [7, 9], [5, 7, 9], [8, 9], [2, 9], [2, 8, 9]]
    [[9], [6], [4], [4, 6], [2], [2, 4], [2, 9], [8], [8, 9], [2, 6], [2, 4, 6], [3], [3, 8], [2, 8], [2, 8, 9], [5], [5, 8], [4, 5], [3, 5], [3, 5, 8], [2, 3], [1], [1, 6], [1, 3], [1, 2], [1, 2, 3], [7], [7, 9], [6, 7], [1, 7], [1, 6, 7], [1, 4], [5, 9], [5, 7], [5, 7, 9], [1, 5], [1, 4, 5]]
    [[9], [7], [7, 9], [5], [5, 9], [5, 7], [5, 7, 9], [1], [8], [5, 8], [1, 5], [8, 9], [3], [3, 5], [3, 8], [3, 5, 8], [2], [2, 9], [2, 8], [2, 8, 9], [4], [4, 5], [1, 4], [1, 4, 5], [2, 4], [1, 2], [1, 7], [1, 3], [2, 3], [1, 2, 3], [6], [6, 7], [1, 6], [1, 6, 7], [2, 6], [4, 6], [2, 4, 6]]
    [[1], [8], [9], [8, 9], [5], [5, 8], [5, 9], [1, 5], [4], [4, 5], [1, 4], [1, 4, 5], [2], [2, 4], [2, 9], [1, 2], [2, 8], [2, 8, 9], [7], [5, 7], [1, 7], [7, 9], [5, 7, 9], [3], [3, 5], [3, 8], [3, 5, 8], [1, 3], [2, 3], [1, 2, 3], [6], [6, 7], [1, 6], [1, 6, 7], [2, 6], [4, 6], [2, 4, 6]]
Verification passed!

--------------------------------------------------

System 38:
  Triangles: [(1, 2, 3), (1, 4, 5), (1, 6, 7), (2, 4, 6), (2, 8, 9), (5, 7, 8)]
  Dimension: 4
  Realizer:
    [[6], [7], [6, 7], [8], [7, 8], [5], [5, 7], [5, 8], [5, 7, 8], [1], [1, 6], [1, 7], [1, 6, 7], [3], [1, 3], [2], [2, 3], [2, 6], [1, 2], [1, 2, 3], [2, 8], [9], [8, 9], [2, 9], [2, 8, 9], [4], [2, 4], [4, 6], [2, 4, 6], [1, 4], [1, 5], [4, 5], [1, 4, 5]]
    [[4], [6], [4, 6], [2], [2, 4], [2, 6], [2, 4, 6], [3], [2, 3], [1], [1, 4], [1, 6], [1, 2], [1, 3], [1, 2, 3], [7], [6, 7], [1, 7], [1, 6, 7], [5], [5, 7], [1, 5], [4, 5], [1, 4, 5], [9], [2, 9], [8], [8, 9], [5, 8], [2, 8], [2, 8, 9], [7, 8], [5, 7, 8]]
    [[8], [9], [4], [2], [8, 9], [2, 9], [2, 8], [2, 8, 9], [5], [4, 5], [1], [1, 5], [1, 4], [1, 4, 5], [2, 4], [1, 2], [5, 8], [7], [5, 7], [1, 7], [7, 8], [5, 7, 8], [3], [1, 3], [2, 3], [1, 2, 3], [6], [6, 7], [1, 6], [1, 6, 7], [2, 6], [4, 6], [2, 4, 6]]
    [[1], [8], [9], [8, 9], [5], [5, 8], [1, 5], [4], [4, 5], [1, 4], [1, 4, 5], [2], [2, 4], [2, 9], [1, 2], [2, 8], [2, 8, 9], [7], [5, 7], [1, 7], [7, 8], [5, 7, 8], [3], [1, 3], [2, 3], [1, 2, 3], [6], [6, 7], [1, 6], [1, 6, 7], [2, 6], [4, 6], [2, 4, 6]]
Verification passed!

--------------------------------------------------

System 39:
  Triangles: [(1, 2, 3), (1, 4, 5), (1, 6, 7), (2, 4, 6), (3, 5, 8), (7, 8, 9)]
  Dimension: 4
  Realizer:
    [[6], [7], [6, 7], [1], [1, 6], [1, 7], [1, 6, 7], [3], [1, 3], [2], [2, 3], [2, 6], [1, 2], [1, 2, 3], [4], [2, 4], [4, 6], [2, 4, 6], [1, 4], [5], [3, 5], [1, 5], [4, 5], [1, 4, 5], [9], [7, 9], [8], [8, 9], [5, 8], [3, 8], [3, 5, 8], [7, 8], [7, 8, 9]]
    [[4], [6], [8], [4, 6], [2], [2, 4], [2, 6], [2, 4, 6], [3], [3, 8], [5], [5, 8], [3, 5], [3, 5, 8], [2, 3], [4, 5], [1], [1, 4], [1, 6], [1, 3], [1, 2], [1, 2, 3], [7], [6, 7], [1, 7], [1, 6, 7], [7, 8], [9], [7, 9], [1, 5], [1, 4, 5], [8, 9], [7, 8, 9]]
    [[8], [9], [7], [8, 9], [7, 8], [7, 9], [7, 8, 9], [1], [5], [1, 5], [5, 8], [3], [3, 5], [3, 8], [3, 5, 8], [4], [4, 5], [1, 4], [1, 4, 5], [2], [2, 4], [1, 2], [1, 7], [1, 3], [2, 3], [1, 2, 3], [6], [6, 7], [1, 6], [1, 6, 7], [2, 6], [4, 6], [2, 4, 6]]
    [[1], [8], [9], [8, 9], [5], [5, 8], [1, 5], [4], [4, 5], [1, 4], [1, 4, 5], [2], [2, 4], [1, 2], [7], [1, 7], [7, 8], [7, 9], [7, 8, 9], [3], [3, 5], [3, 8], [3, 5, 8], [1, 3], [2, 3], [1, 2, 3], [6], [6, 7], [1, 6], [1, 6, 7], [2, 6], [4, 6], [2, 4, 6]]
Verification passed!

--------------------------------------------------

System 40:
  Triangles: [(1, 2, 3), (1, 4, 5), (1, 6, 7), (2, 4, 8), (2, 6, 9), (3, 5, 8), (3, 7, 9)]
  Dimension: 4
  Realizer:
    [[9], [6], [6, 9], [2], [2, 9], [2, 6], [2, 6, 9], [1], [1, 6], [1, 2], [3], [1, 3], [3, 9], [2, 3], [1, 2, 3], [7], [1, 7], [7, 9], [6, 7], [1, 6, 7], [3, 7], [3, 7, 9], [8], [2, 8], [4], [4, 8], [1, 4], [2, 4], [2, 4, 8], [3, 8], [5], [5, 8], [1, 5], [4, 5], [1, 4, 5], [3, 5], [3, 5, 8]]
    [[5], [4], [4, 5], [7], [6], [6, 7], [1], [1, 5], [1, 4], [1, 4, 5], [1, 7], [1, 6], [1, 6, 7], [3], [3, 7], [3, 5], [1, 3], [2], [2, 4], [8], [5, 8], [4, 8], [2, 3], [1, 2], [2, 8], [2, 4, 8], [3, 8], [3, 5, 8], [1, 2, 3], [2, 6], [9], [7, 9], [3, 9], [3, 7, 9], [2, 9], [6, 9], [2, 6, 9]]
    [[8], [9], [5], [5, 8], [3], [3, 5], [3, 8], [3, 5, 8], [4], [4, 8], [7], [7, 9], [3, 7], [3, 9], [3, 7, 9], [2], [2, 4], [2, 8], [2, 4, 8], [2, 3], [1], [1, 5], [4, 5], [1, 4], [1, 4, 5], [2, 9], [1, 2], [1, 7], [1, 3], [1, 2, 3], [6], [6, 7], [6, 9], [1, 6], [1, 6, 7], [2, 6], [2, 6, 9]]
    [[1], [8], [9], [5], [5, 8], [1, 5], [4], [4, 8], [4, 5], [1, 4], [1, 4, 5], [2], [2, 4], [2, 9], [1, 2], [2, 8], [2, 4, 8], [7], [1, 7], [7, 9], [3], [3, 7], [3, 5], [3, 8], [3, 5, 8], [1, 3], [3, 9], [3, 7, 9], [2, 3], [1, 2, 3], [6], [6, 7], [6, 9], [1, 6], [1, 6, 7], [2, 6], [2, 6, 9]]
Verification passed!

--------------------------------------------------

System 41:
  Triangles: [(1, 2, 3), (1, 4, 5), (1, 6, 7), (2, 4, 8), (2, 6, 9), (3, 5, 8), (4, 7, 9)]
  Dimension: 3
  Realizer:
    [[6], [9], [6, 9], [2], [2, 9], [2, 6], [2, 6, 9], [1], [1, 6], [1, 2], [3], [2, 3], [1, 3], [1, 2, 3], [8], [3, 8], [5], [5, 8], [3, 5], [3, 5, 8], [1, 5], [2, 8], [4], [4, 8], [4, 9], [4, 5], [1, 4], [1, 4, 5], [2, 4], [2, 4, 8], [7], [6, 7], [1, 7], [1, 6, 7], [4, 7], [7, 9], [4, 7, 9]]
    [[6], [7], [6, 7], [1], [1, 7], [1, 6], [1, 6, 7], [4], [4, 7], [1, 4], [5], [1, 5], [4, 5], [1, 4, 5], [3], [3, 5], [8], [5, 8], [4, 8], [3, 8], [3, 5, 8], [1, 3], [2], [2, 4], [2, 8], [2, 4, 8], [2, 3], [2, 6], [1, 2], [1, 2, 3], [9], [4, 9], [2, 9], [6, 9], [7, 9], [4, 7, 9], [2, 6, 9]]
    [[9], [7], [7, 9], [4], [4, 9], [4, 7], [4, 7, 9], [2], [2, 4], [8], [4, 8], [2, 8], [2, 4, 8], [5], [5, 8], [4, 5], [3], [3, 5], [3, 8], [3, 5, 8], [2, 3], [1], [1, 5], [1, 4], [1, 4, 5], [2, 9], [1, 2], [1, 7], [1, 3], [1, 2, 3], [6], [6, 7], [6, 9], [1, 6], [1, 6, 7], [2, 6], [2, 6, 9]]
Verification passed!

--------------------------------------------------

System 42:
  Triangles: [(1, 2, 3), (1, 4, 5), (1, 6, 7), (2, 4, 8), (2, 6, 9), (3, 5, 8), (5, 7, 9)]
  Dimension: 4
  Realizer:
    [[6], [9], [6, 9], [2], [2, 9], [2, 6], [2, 6, 9], [3], [2, 3], [1], [1, 6], [1, 3], [1, 2], [1, 2, 3], [4], [2, 4], [8], [4, 8], [3, 8], [1, 4], [2, 8], [2, 4, 8], [5], [5, 8], [3, 5], [3, 5, 8], [7], [6, 7], [1, 5], [4, 5], [1, 4, 5], [1, 7], [1, 6, 7], [5, 9], [5, 7], [7, 9], [5, 7, 9]]
    [[6], [7], [6, 7], [1], [1, 7], [1, 6], [1, 6, 7], [5], [4], [5, 7], [3], [3, 5], [1, 5], [4, 5], [1, 4], [1, 4, 5], [8], [5, 8], [4, 8], [3, 8], [1, 3], [3, 5, 8], [2], [2, 4], [2, 8], [2, 4, 8], [2, 3], [2, 6], [1, 2], [1, 2, 3], [9], [5, 9], [2, 9], [6, 9], [7, 9], [5, 7, 9], [2, 6, 9]]
    [[9], [7], [7, 9], [5], [5, 9], [5, 7], [5, 7, 9], [8], [5, 8], [2], [2, 8], [3], [3, 5], [3, 8], [3, 5, 8], [4], [4, 8], [4, 5], [2, 4], [2, 4, 8], [1], [1, 5], [1, 4], [1, 4, 5], [2, 9], [1, 2], [1, 7], [1, 3], [2, 3], [1, 2, 3], [6], [6, 7], [6, 9], [1, 6], [1, 6, 7], [2, 6], [2, 6, 9]]
    [[1], [8], [9], [5], [5, 8], [5, 9], [1, 5], [4], [4, 8], [4, 5], [1, 4], [1, 4, 5], [2], [2, 4], [2, 9], [1, 2], [2, 8], [2, 4, 8], [7], [5, 7], [1, 7], [7, 9], [5, 7, 9], [3], [3, 5], [3, 8], [3, 5, 8], [1, 3], [2, 3], [1, 2, 3], [6], [6, 7], [6, 9], [1, 6], [1, 6, 7], [2, 6], [2, 6, 9]]
Verification passed!

--------------------------------------------------

System 43:
  Triangles: [(1, 2, 3), (1, 4, 5), (1, 6, 7), (2, 4, 8), (2, 6, 9), (3, 5, 9), (3, 7, 8), (4, 7, 9), (5, 6, 8)]
  Dimension: 4
  Realizer:
    [[9], [6], [6, 9], [2], [2, 9], [2, 6], [2, 6, 9], [3], [2, 3], [1], [1, 6], [1, 2], [1, 3], [3, 9], [1, 2, 3], [7], [7, 9], [4], [4, 9], [1, 4], [2, 4], [4, 7], [4, 7, 9], [5], [5, 9], [1, 5], [4, 5], [1, 4, 5], [1, 7], [6, 7], [5, 6], [1, 6, 7], [3, 7], [3, 5], [3, 5, 9], [8], [4, 8], [2, 8], [2, 4, 8], [5, 8], [6, 8], [5, 6, 8], [7, 8], [3, 8], [3, 7, 8]]
    [[7], [6], [6, 7], [1], [8], [1, 7], [7, 8], [6, 8], [1, 6], [1, 6, 7], [3], [3, 7], [3, 8], [3, 7, 8], [1, 3], [2], [2, 8], [4], [4, 8], [2, 4], [2, 4, 8], [5], [1, 5], [4, 5], [2, 3], [1, 4], [1, 4, 5], [5, 8], [5, 6], [5, 6, 8], [1, 2], [3, 5], [1, 2, 3], [4, 7], [2, 6], [9], [5, 9], [4, 9], [2, 9], [7, 9], [4, 7, 9], [3, 9], [3, 5, 9], [6, 9], [2, 6, 9]]
    [[9], [5], [5, 9], [8], [5, 8], [6], [5, 6], [6, 8], [5, 6, 8], [3], [3, 5], [3, 9], [3, 5, 9], [4], [4, 8], [4, 9], [4, 5], [3, 8], [7], [4, 7], [7, 8], [7, 9], [4, 7, 9], [2], [2, 4], [2, 8], [2, 4, 8], [3, 7], [3, 7, 8], [1], [1, 5], [1, 4], [1, 4, 5], [2, 9], [1, 2], [1, 7], [1, 3], [2, 3], [1, 2, 3], [6, 7], [6, 9], [1, 6], [1, 6, 7], [2, 6], [2, 6, 9]]
    [[1], [8], [9], [5], [5, 8], [5, 9], [1, 5], [4], [4, 8], [4, 9], [4, 5], [1, 4], [1, 4, 5], [2], [2, 4], [2, 9], [1, 2], [2, 8], [2, 4, 8], [7], [4, 7], [1, 7], [7, 8], [7, 9], [4, 7, 9], [3], [3, 7], [3, 5], [3, 8], [3, 7, 8], [1, 3], [3, 9], [3, 5, 9], [2, 3], [1, 2, 3], [6], [6, 7], [5, 6], [6, 8], [5, 6, 8], [6, 9], [1, 6], [1, 6, 7], [2, 6], [2, 6, 9]]
Verification passed!

--------------------------------------------------

System 44:
  Triangles: [(1, 2, 3), (1, 4, 5), (1, 6, 7), (2, 4, 8), (2, 6, 9), (3, 5, 9), (5, 7, 8)]
  Dimension: 4
  Realizer:
    [[6], [9], [6, 9], [2], [2, 9], [2, 6], [2, 6, 9], [3], [3, 9], [5], [5, 9], [3, 5], [3, 5, 9], [4], [2, 3], [2, 4], [4, 5], [1], [1, 4], [1, 6], [1, 3], [1, 2], [1, 2, 3], [7], [6, 7], [1, 7], [1, 6, 7], [5, 7], [1, 5], [1, 4, 5], [8], [4, 8], [2, 8], [2, 4, 8], [5, 8], [7, 8], [5, 7, 8]]
    [[6], [7], [6, 7], [1], [1, 6], [1, 7], [1, 6, 7], [3], [1, 3], [2], [2, 3], [2, 6], [1, 2], [1, 2, 3], [8], [2, 8], [4], [2, 4], [1, 4], [4, 8], [2, 4, 8], [5], [3, 5], [5, 7], [1, 5], [4, 5], [1, 4, 5], [5, 8], [7, 8], [5, 7, 8], [9], [5, 9], [3, 9], [3, 5, 9], [2, 9], [6, 9], [2, 6, 9]]
    [[8], [9], [7], [7, 8], [5], [5, 8], [5, 9], [5, 7], [5, 7, 8], [4], [3], [3, 5], [3, 9], [3, 5, 9], [2], [4, 8], [2, 4], [2, 8], [2, 4, 8], [1], [1, 5], [4, 5], [1, 4], [1, 4, 5], [2, 9], [1, 2], [1, 7], [1, 3], [2, 3], [1, 2, 3], [6], [6, 7], [6, 9], [1, 6], [1, 6, 7], [2, 6], [2, 6, 9]]
    [[1], [8], [9], [5], [5, 8], [5, 9], [1, 5], [4], [4, 8], [4, 5], [1, 4], [1, 4, 5], [2], [2, 4], [2, 9], [1, 2], [2, 8], [2, 4, 8], [7], [5, 7], [1, 7], [7, 8], [5, 7, 8], [3], [3, 5], [1, 3], [3, 9], [3, 5, 9], [2, 3], [1, 2, 3], [6], [6, 7], [6, 9], [1, 6], [1, 6, 7], [2, 6], [2, 6, 9]]
Verification passed!

--------------------------------------------------

System 45:
  Triangles: [(1, 2, 3), (1, 4, 5), (1, 6, 7), (2, 4, 8), (2, 6, 9), (5, 7, 8)]
  Dimension: 3
  Realizer:
    [[6], [7], [6, 7], [8], [7, 8], [5], [5, 7], [5, 8], [5, 7, 8], [1], [1, 6], [1, 7], [1, 6, 7], [3], [1, 5], [4], [1, 4], [1, 3], [4, 8], [4, 5], [1, 4, 5], [2], [2, 3], [2, 6], [1, 2], [1, 2, 3], [2, 4], [2, 8], [2, 4, 8], [9], [2, 9], [6, 9], [2, 6, 9]]
    [[9], [6], [6, 9], [2], [2, 9], [2, 6], [2, 6, 9], [3], [2, 3], [1], [1, 6], [1, 2], [1, 3], [1, 2, 3], [4], [2, 4], [7], [6, 7], [1, 4], [1, 7], [1, 6, 7], [5], [5, 7], [1, 5], [4, 5], [1, 4, 5], [8], [5, 8], [4, 8], [2, 8], [2, 4, 8], [7, 8], [5, 7, 8]]
    [[8], [9], [2], [2, 8], [4], [4, 8], [2, 4], [2, 4, 8], [5], [4, 5], [1], [1, 5], [1, 4], [1, 4, 5], [2, 9], [1, 2], [5, 8], [7], [5, 7], [1, 7], [7, 8], [5, 7, 8], [3], [1, 3], [2, 3], [1, 2, 3], [6], [6, 7], [6, 9], [1, 6], [1, 6, 7], [2, 6], [2, 6, 9]]
Verification passed!

--------------------------------------------------

System 46:
  Triangles: [(1, 2, 3), (1, 4, 5), (1, 6, 7), (2, 4, 8), (3, 5, 8), (6, 8, 9)]
  Dimension: 4
  Realizer:
    [[6], [9], [6, 9], [8], [8, 9], [6, 8], [6, 8, 9], [3], [3, 8], [5], [5, 8], [3, 5], [3, 5, 8], [2], [2, 3], [1], [1, 6], [1, 3], [1, 2], [1, 2, 3], [7], [6, 7], [1, 7], [1, 6, 7], [2, 8], [4], [2, 4], [1, 4], [1, 5], [4, 5], [1, 4, 5], [4, 8], [2, 4, 8]]
    [[6], [4], [7], [6, 7], [1], [1, 6], [1, 7], [1, 6, 7], [3], [1, 3], [2], [2, 3], [2, 4], [1, 2], [1, 2, 3], [1, 4], [5], [3, 5], [1, 5], [4, 5], [1, 4, 5], [8], [5, 8], [6, 8], [3, 8], [3, 5, 8], [4, 8], [2, 8], [2, 4, 8], [9], [8, 9], [6, 9], [6, 8, 9]]
    [[8], [9], [4], [4, 8], [2], [2, 4], [2, 8], [2, 4, 8], [5], [4, 5], [1], [1, 5], [8, 9], [5, 8], [1, 4], [1, 4, 5], [1, 2], [7], [1, 7], [3], [3, 5], [3, 8], [3, 5, 8], [1, 3], [2, 3], [1, 2, 3], [6], [6, 7], [6, 8], [6, 9], [6, 8, 9], [1, 6], [1, 6, 7]]
    [[1], [8], [9], [8, 9], [5], [5, 8], [1, 5], [4], [4, 8], [4, 5], [1, 4], [1, 4, 5], [2], [2, 4], [1, 2], [2, 8], [2, 4, 8], [7], [1, 7], [3], [3, 5], [3, 8], [3, 5, 8], [1, 3], [2, 3], [1, 2, 3], [6], [6, 7], [6, 8], [6, 9], [6, 8, 9], [1, 6], [1, 6, 7]]
Verification passed!

--------------------------------------------------

System 47:
  Triangles: [(1, 2, 3), (1, 4, 5), (1, 6, 7), (2, 4, 8), (3, 5, 9), (6, 8, 9)]
  Dimension: 4
  Realizer:
    [[6], [8], [6, 8], [9], [8, 9], [6, 9], [6, 8, 9], [3], [3, 9], [5], [5, 9], [3, 5], [3, 5, 9], [2], [2, 3], [1], [1, 6], [1, 3], [1, 2], [1, 2, 3], [7], [6, 7], [1, 7], [1, 6, 7], [2, 8], [4], [4, 8], [2, 4], [2, 4, 8], [1, 4], [1, 5], [4, 5], [1, 4, 5]]
    [[6], [4], [7], [6, 7], [1], [1, 6], [1, 7], [1, 6, 7], [3], [1, 3], [2], [2, 3], [2, 4], [1, 2], [1, 2, 3], [1, 4], [5], [3, 5], [1, 5], [4, 5], [1, 4, 5], [9], [5, 9], [6, 9], [3, 9], [3, 5, 9], [8], [8, 9], [6, 8], [6, 8, 9], [4, 8], [2, 8], [2, 4, 8]]
    [[8], [4], [4, 8], [2], [2, 4], [2, 8], [2, 4, 8], [9], [5], [5, 9], [4, 5], [1], [1, 5], [8, 9], [1, 4], [1, 4, 5], [1, 2], [7], [1, 7], [3], [3, 5], [1, 3], [3, 9], [3, 5, 9], [2, 3], [1, 2, 3], [6], [6, 7], [6, 8], [6, 9], [6, 8, 9], [1, 6], [1, 6, 7]]
    [[1], [8], [9], [8, 9], [5], [5, 9], [1, 5], [4], [4, 8], [4, 5], [1, 4], [1, 4, 5], [2], [2, 4], [1, 2], [2, 8], [2, 4, 8], [7], [1, 7], [3], [3, 5], [1, 3], [3, 9], [3, 5, 9], [2, 3], [1, 2, 3], [6], [6, 7], [6, 8], [6, 9], [6, 8, 9], [1, 6], [1, 6, 7]]
Verification passed!

--------------------------------------------------

System 48:
  Triangles: [(1, 2, 3), (1, 4, 5), (1, 6, 7), (2, 4, 8), (3, 6, 8), (5, 7, 8)]
  Dimension: 3
  Realizer:
    [[6], [7], [6, 7], [1], [1, 6], [1, 7], [1, 6, 7], [3], [1, 3], [2], [2, 3], [1, 2], [1, 2, 3], [4], [2, 4], [1, 4], [5], [5, 7], [1, 5], [4, 5], [1, 4, 5], [3, 6], [8], [5, 8], [7, 8], [5, 7, 8], [4, 8], [2, 8], [2, 4, 8], [3, 8], [6, 8], [3, 6, 8]]
    [[8], [6], [6, 8], [3], [3, 8], [3, 6], [3, 6, 8], [2], [2, 8], [4], [4, 8], [2, 4], [2, 4, 8], [5], [5, 8], [4, 5], [2, 3], [1], [1, 5], [1, 4], [1, 4, 5], [1, 6], [1, 2], [1, 3], [1, 2, 3], [7], [5, 7], [7, 8], [5, 7, 8], [6, 7], [1, 7], [1, 6, 7]]
    [[7], [8], [7, 8], [5], [5, 8], [5, 7], [5, 7, 8], [1], [1, 5], [4], [4, 5], [1, 4], [1, 4, 5], [4, 8], [2], [2, 4], [1, 2], [1, 7], [2, 8], [2, 4, 8], [3], [3, 8], [1, 3], [2, 3], [1, 2, 3], [6], [3, 6], [6, 7], [6, 8], [3, 6, 8], [1, 6], [1, 6, 7]]
Verification passed!

--------------------------------------------------

System 49:
  Triangles: [(1, 2, 3), (1, 4, 5), (1, 6, 7), (2, 4, 8), (3, 6, 8), (5, 7, 9)]
  Dimension: 3
  Realizer:
    [[6], [8], [6, 8], [3], [3, 8], [3, 6], [3, 6, 8], [2], [2, 3], [2, 8], [4], [4, 8], [2, 4], [2, 4, 8], [1], [1, 6], [1, 3], [1, 2], [1, 2, 3], [7], [6, 7], [1, 7], [1, 6, 7], [1, 4], [5], [5, 7], [1, 5], [4, 5], [1, 4, 5], [9], [5, 9], [7, 9], [5, 7, 9]]
    [[6], [7], [6, 7], [9], [7, 9], [5], [5, 9], [5, 7], [5, 7, 9], [1], [1, 6], [1, 7], [1, 6, 7], [3], [3, 6], [1, 3], [2], [2, 3], [1, 2], [1, 2, 3], [1, 5], [4], [4, 5], [2, 4], [1, 4], [1, 4, 5], [8], [4, 8], [3, 8], [2, 8], [2, 4, 8], [6, 8], [3, 6, 8]]
    [[8], [9], [5], [5, 9], [4], [4, 5], [1], [1, 5], [4, 8], [1, 4], [1, 4, 5], [2], [2, 4], [1, 2], [2, 8], [2, 4, 8], [7], [5, 7], [1, 7], [7, 9], [5, 7, 9], [3], [3, 8], [1, 3], [2, 3], [1, 2, 3], [6], [3, 6], [6, 7], [6, 8], [3, 6, 8], [1, 6], [1, 6, 7]]
Verification passed!

--------------------------------------------------

System 50:
  Triangles: [(1, 2, 3), (1, 4, 5), (1, 6, 7), (2, 4, 8), (3, 6, 8), (5, 8, 9)]
  Dimension: 3
  Realizer:
    [[1], [8], [9], [8, 9], [5], [5, 8], [5, 9], [5, 8, 9], [1, 5], [4], [4, 8], [4, 5], [1, 4], [1, 4, 5], [2], [2, 4], [1, 2], [2, 8], [2, 4, 8], [7], [1, 7], [3], [3, 8], [1, 3], [2, 3], [1, 2, 3], [6], [3, 6], [6, 7], [6, 8], [3, 6, 8], [1, 6], [1, 6, 7]]
    [[7], [6], [6, 7], [1], [1, 7], [1, 6], [1, 6, 7], [3], [1, 3], [2], [1, 2], [2, 3], [1, 2, 3], [4], [1, 4], [5], [1, 5], [4, 5], [1, 4, 5], [9], [5, 9], [2, 4], [3, 6], [8], [8, 9], [5, 8], [5, 8, 9], [4, 8], [2, 8], [2, 4, 8], [3, 8], [6, 8], [3, 6, 8]]
    [[8], [6], [6, 8], [3], [3, 8], [3, 6], [3, 6, 8], [2], [2, 8], [4], [4, 8], [2, 4], [2, 4, 8], [5], [5, 8], [9], [8, 9], [5, 9], [5, 8, 9], [4, 5], [2, 3], [1], [1, 5], [1, 4], [1, 4, 5], [1, 2], [1, 3], [1, 2, 3], [1, 6], [7], [1, 7], [6, 7], [1, 6, 7]]
Verification passed!

--------------------------------------------------

System 51:
  Triangles: [(1, 2, 3), (1, 4, 5), (1, 6, 7), (2, 4, 8), (3, 6, 9), (5, 8, 9)]
  Dimension: 3
  Realizer:
    [[6], [9], [6, 9], [3], [3, 9], [3, 6], [3, 6, 9], [2], [2, 3], [8], [2, 8], [4], [4, 8], [2, 4], [2, 4, 8], [8, 9], [5], [4, 5], [5, 8], [5, 9], [5, 8, 9], [1], [1, 5], [1, 6], [1, 3], [1, 2], [1, 2, 3], [7], [6, 7], [1, 7], [1, 6, 7], [1, 4], [1, 4, 5]]
    [[6], [7], [6, 7], [1], [1, 6], [1, 7], [1, 6, 7], [3], [3, 6], [1, 3], [2], [2, 3], [1, 2], [1, 2, 3], [4], [2, 4], [1, 4], [5], [4, 5], [1, 5], [1, 4, 5], [8], [2, 8], [4, 8], [2, 4, 8], [5, 8], [9], [8, 9], [6, 9], [3, 9], [3, 6, 9], [5, 9], [5, 8, 9]]
    [[1], [9], [5], [5, 9], [8], [8, 9], [5, 8], [5, 8, 9], [1, 5], [4], [4, 8], [4, 5], [1, 4], [1, 4, 5], [2], [2, 4], [1, 2], [2, 8], [2, 4, 8], [7], [1, 7], [3], [1, 3], [3, 9], [2, 3], [1, 2, 3], [6], [3, 6], [6, 7], [6, 9], [3, 6, 9], [1, 6], [1, 6, 7]]
Verification passed!

--------------------------------------------------

System 52:
  Triangles: [(1, 2, 3), (1, 4, 5), (1, 6, 7), (2, 4, 8), (6, 8, 9)]
  Dimension: 3
  Realizer:
    [[1], [8], [9], [8, 9], [5], [1, 5], [4], [4, 8], [4, 5], [1, 4], [1, 4, 5], [2], [2, 4], [1, 2], [2, 8], [2, 4, 8], [7], [1, 7], [3], [1, 3], [2, 3], [1, 2, 3], [6], [6, 7], [6, 8], [6, 9], [6, 8, 9], [1, 6], [1, 6, 7]]
    [[7], [6], [6, 7], [1], [1, 7], [1, 6], [1, 6, 7], [3], [1, 3], [2], [1, 2], [2, 3], [1, 2, 3], [4], [1, 4], [5], [1, 5], [4, 5], [1, 4, 5], [2, 4], [8], [4, 8], [2, 8], [2, 4, 8], [6, 8], [9], [8, 9], [6, 9], [6, 8, 9]]
    [[9], [6], [6, 9], [8], [8, 9], [6, 8], [6, 8, 9], [2], [2, 8], [4], [4, 8], [2, 4], [2, 4, 8], [5], [4, 5], [3], [2, 3], [1], [1, 5], [1, 4], [1, 4, 5], [1, 2], [1, 3], [1, 2, 3], [1, 6], [7], [1, 7], [6, 7], [1, 6, 7]]
Verification passed!

--------------------------------------------------

System 53:
  Triangles: [(1, 2, 3), (1, 4, 5), (2, 4, 6), (3, 5, 6), (7, 8, 9)]
  Dimension: 3
  Realizer:
    [[6], [4], [4, 6], [2], [2, 4], [2, 6], [2, 4, 6], [3], [2, 3], [1], [1, 3], [3, 6], [1, 2], [1, 2, 3], [1, 4], [5], [4, 5], [1, 5], [3, 5], [5, 6], [3, 5, 6], [1, 4, 5], [9], [7], [7, 9], [8], [8, 9], [7, 8], [7, 8, 9]]
    [[8], [7], [7, 8], [9], [8, 9], [7, 9], [7, 8, 9], [5], [6], [5, 6], [3], [3, 5], [3, 6], [3, 5, 6], [1], [1, 5], [1, 3], [2], [2, 6], [2, 3], [1, 2], [1, 2, 3], [4], [4, 5], [4, 6], [2, 4], [2, 4, 6], [1, 4], [1, 4, 5]]
    [[8], [9], [8, 9], [5], [4], [4, 5], [1], [1, 5], [1, 4], [1, 4, 5], [2], [2, 4], [1, 2], [7], [7, 8], [7, 9], [7, 8, 9], [3], [3, 5], [1, 3], [2, 3], [1, 2, 3], [6], [3, 6], [5, 6], [3, 5, 6], [2, 6], [4, 6], [2, 4, 6]]
Verification passed!

--------------------------------------------------

System 54:
  Triangles: [(1, 2, 3), (1, 4, 5), (2, 4, 6), (3, 5, 7), (6, 7, 8)]
  Dimension: 3
  Realizer:
    [[4], [6], [4, 6], [2], [2, 4], [2, 6], [2, 4, 6], [3], [2, 3], [1], [1, 3], [1, 2], [1, 2, 3], [1, 4], [5], [4, 5], [1, 5], [3, 5], [7], [5, 7], [3, 7], [3, 5, 7], [1, 4, 5], [6, 7], [8], [7, 8], [6, 8], [6, 7, 8]]
    [[8], [6], [6, 8], [7], [7, 8], [6, 7], [6, 7, 8], [3], [3, 7], [5], [5, 7], [3, 5], [3, 5, 7], [1], [1, 5], [1, 3], [2], [2, 6], [2, 3], [1, 2], [1, 2, 3], [4], [4, 5], [4, 6], [2, 4], [2, 4, 6], [1, 4], [1, 4, 5]]
    [[8], [5], [4], [4, 5], [1], [1, 5], [1, 4], [1, 4, 5], [2], [2, 4], [1, 2], [7], [5, 7], [7, 8], [3], [3, 7], [3, 5], [3, 5, 7], [1, 3], [2, 3], [1, 2, 3], [6], [6, 7], [6, 8], [6, 7, 8], [2, 6], [4, 6], [2, 4, 6]]
Verification passed!

--------------------------------------------------

System 55:
  Triangles: [(1, 2, 3), (1, 4, 5), (2, 4, 6), (3, 5, 7), (6, 8, 9)]
  Dimension: 3
  Realizer:
    [[9], [6], [6, 9], [8], [8, 9], [6, 8], [6, 8, 9], [4], [4, 6], [2], [2, 4], [2, 6], [2, 4, 6], [3], [2, 3], [1], [1, 3], [1, 2], [1, 2, 3], [1, 4], [5], [4, 5], [1, 5], [3, 5], [7], [5, 7], [3, 7], [3, 5, 7], [1, 4, 5]]
    [[7], [6], [3], [3, 7], [5], [5, 7], [3, 5], [3, 5, 7], [1], [1, 5], [1, 3], [2], [2, 6], [2, 3], [1, 2], [1, 2, 3], [4], [4, 5], [4, 6], [2, 4], [2, 4, 6], [1, 4], [1, 4, 5], [8], [6, 8], [9], [8, 9], [6, 9], [6, 8, 9]]
    [[8], [9], [8, 9], [5], [4], [4, 5], [1], [1, 5], [1, 4], [1, 4, 5], [2], [2, 4], [1, 2], [7], [5, 7], [3], [3, 7], [3, 5], [3, 5, 7], [1, 3], [2, 3], [1, 2, 3], [6], [6, 8], [6, 9], [6, 8, 9], [2, 6], [4, 6], [2, 4, 6]]
Verification passed!

--------------------------------------------------

System 56:
  Triangles: [(1, 2, 3), (1, 4, 5), (2, 4, 6), (3, 7, 8), (5, 7, 9), (6, 8, 9)]
  Dimension: 3
  Realizer:
    [[6], [4], [4, 6], [2], [2, 4], [2, 6], [2, 4, 6], [3], [2, 3], [1], [1, 3], [1, 2], [1, 2, 3], [7], [3, 7], [8], [6, 8], [3, 8], [7, 8], [3, 7, 8], [1, 4], [5], [4, 5], [1, 5], [1, 4, 5], [5, 7], [9], [8, 9], [5, 9], [6, 9], [6, 8, 9], [7, 9], [5, 7, 9]]
    [[9], [6], [6, 9], [8], [8, 9], [6, 8], [6, 8, 9], [3], [3, 8], [7], [3, 7], [7, 8], [3, 7, 8], [7, 9], [5], [5, 9], [5, 7], [5, 7, 9], [1], [1, 3], [2], [2, 6], [2, 3], [1, 2], [1, 2, 3], [1, 5], [4], [4, 6], [2, 4], [2, 4, 6], [1, 4], [4, 5], [1, 4, 5]]
    [[9], [5], [5, 9], [4], [4, 5], [1], [1, 5], [1, 4], [1, 4, 5], [2], [2, 4], [1, 2], [7], [5, 7], [7, 9], [5, 7, 9], [8], [8, 9], [7, 8], [3], [3, 7], [3, 8], [3, 7, 8], [1, 3], [2, 3], [1, 2, 3], [6], [6, 8], [6, 9], [6, 8, 9], [2, 6], [4, 6], [2, 4, 6]]
Verification passed!

--------------------------------------------------

System 57:
  Triangles: [(1, 2, 3), (1, 4, 5), (2, 4, 6), (7, 8, 9)]
  Dimension: 3
  Realizer:
    [[6], [3], [7], [2], [2, 6], [2, 3], [4], [4, 6], [2, 4], [2, 4, 6], [5], [4, 5], [9], [7, 9], [8], [7, 8], [8, 9], [7, 8, 9], [1], [1, 3], [1, 2], [1, 2, 3], [1, 4], [1, 5], [1, 4, 5]]
    [[9], [8], [8, 9], [7], [7, 9], [7, 8], [7, 8, 9], [6], [5], [1], [1, 5], [4], [4, 6], [1, 4], [4, 5], [1, 4, 5], [2], [2, 6], [1, 2], [2, 4], [2, 4, 6], [3], [2, 3], [1, 3], [1, 2, 3]]
    [[3], [1], [1, 3], [2], [2, 3], [1, 2], [1, 2, 3], [4], [2, 4], [1, 4], [5], [4, 5], [1, 5], [1, 4, 5], [6], [4, 6], [2, 6], [2, 4, 6], [7], [8], [7, 8], [9], [7, 9], [8, 9], [7, 8, 9]]
Verification passed!

--------------------------------------------------

System 58:
  Triangles: [(1, 2, 3), (1, 4, 5), (2, 6, 7), (3, 8, 9), (4, 6, 8), (5, 7, 9)]
  Dimension: 4
  Realizer:
    [[6], [8], [6, 8], [4], [4, 6], [4, 8], [4, 6, 8], [3], [3, 8], [9], [8, 9], [3, 9], [3, 8, 9], [5], [5, 9], [4, 5], [1], [1, 3], [2], [2, 6], [2, 3], [1, 2], [1, 2, 3], [7], [6, 7], [5, 7], [7, 9], [5, 7, 9], [2, 7], [2, 6, 7], [1, 4], [1, 5], [1, 4, 5]]
    [[6], [7], [6, 7], [2], [2, 6], [2, 7], [2, 6, 7], [3], [2, 3], [1], [1, 3], [1, 2], [1, 2, 3], [4], [4, 6], [1, 4], [5], [5, 7], [1, 5], [4, 5], [1, 4, 5], [9], [3, 9], [8], [6, 8], [7, 9], [8, 9], [3, 8], [3, 8, 9], [5, 9], [5, 7, 9], [4, 8], [4, 6, 8]]
    [[9], [7], [7, 9], [5], [5, 7], [5, 9], [5, 7, 9], [1], [1, 5], [3], [2], [8], [8, 9], [3, 8], [3, 9], [3, 8, 9], [4], [4, 5], [1, 4], [1, 4, 5], [1, 2], [1, 3], [2, 3], [4, 8], [1, 2, 3], [2, 7], [6], [6, 7], [6, 8], [2, 6], [2, 6, 7], [4, 6], [4, 6, 8]]
    [[1], [8], [9], [8, 9], [5], [5, 9], [1, 5], [4], [4, 8], [4, 5], [1, 4], [1, 4, 5], [2], [1, 2], [7], [2, 7], [5, 7], [7, 9], [5, 7, 9], [3], [3, 8], [1, 3], [3, 9], [3, 8, 9], [2, 3], [1, 2, 3], [6], [6, 7], [6, 8], [2, 6], [2, 6, 7], [4, 6], [4, 6, 8]]
Verification passed!

--------------------------------------------------

System 59:
  Triangles: [(1, 2, 3), (1, 4, 5), (6, 7, 8)]
  Dimension: 3
  Realizer:
    [[6], [3], [7], [6, 7], [2], [2, 3], [4], [5], [4, 5], [8], [6, 8], [7, 8], [6, 7, 8], [1], [1, 3], [1, 2], [1, 2, 3], [1, 4], [1, 5], [1, 4, 5]]
    [[7], [8], [7, 8], [6], [6, 8], [6, 7], [6, 7, 8], [5], [1], [1, 5], [4], [1, 4], [4, 5], [1, 4, 5], [3], [1, 3], [2], [2, 3], [1, 2], [1, 2, 3]]
    [[2], [1], [1, 2], [3], [2, 3], [1, 3], [1, 2, 3], [4], [1, 4], [5], [4, 5], [1, 5], [1, 4, 5], [6], [8], [6, 8], [7], [6, 7], [7, 8], [6, 7, 8]]
Verification passed!

--------------------------------------------------

System 60:
  Triangles: [(1, 2, 3), (4, 5, 6), (7, 8, 9)]
  Dimension: 3
  Realizer:
    [[6], [3], [7], [2], [2, 3], [4], [4, 6], [5], [5, 6], [4, 5], [4, 5, 6], [9], [7, 9], [8], [7, 8], [8, 9], [7, 8, 9], [1], [1, 3], [1, 2], [1, 2, 3]]
    [[4], [5], [4, 5], [6], [4, 6], [5, 6], [4, 5, 6], [9], [8], [8, 9], [7], [7, 9], [7, 8], [7, 8, 9], [2], [1], [1, 2], [3], [2, 3], [1, 3], [1, 2, 3]]
    [[3], [1], [1, 3], [2], [2, 3], [1, 2], [1, 2, 3], [7], [8], [7, 8], [9], [7, 9], [8, 9], [7, 8, 9], [6], [5], [5, 6], [4], [4, 6], [4, 5], [4, 5, 6]]
Verification passed!

--------------------------------------------------

All Verifications passed!
High Dimension Systems (dimension > 4):
  System 11
